[
 (326176, (173932.32506851817, [160577, 326176])),
 (160577, (131367.32630087645, [160577, 326176])),
 (564548, (83.962794509137481, [326176, 497320, 538423])),
 (497320, (34.039041874574387, [326176, 564548])),
 (538423, (23.933761642962086, [326176, 497320])),
 (122855, (9.3256510027940163, [160577, 326176, 383279])),
 (564729, (5.9418408561690477, [])),
 (564762, (5.8762338664742737, [])),
 (564773, (5.6100151618232381, [])),
 (564646, (5.6064597199657449, [])),
 (383279, (5.4567234405912348, [160577, 294620, 326176])),
 (564664, (5.3500690614974449, [])),
 (196425, (5.1394365439554308, [240928, 260710, 326176])),
 (565183, (5.1346724559940915, [])),
 (565240, (5.1317127671006384, [])),
 (220156, (5.0651952578167352, [326176])),
 (136642, (5.0539392613464482, [100376, 326176, 37039, 446420, 546788, 564548, 572631, 572632, 65487])),
 (564554, (4.9592595886461943, [])),
 (193735, (4.846310276285811, [136407, 244040, 326176, 433410, 521068])),
 (564571, (4.6643151108861058, [])),
 (414676, (4.61370250180462, [160577, 326176])),
 (328627, (4.4758296150296992, [160577, 248425, 254322, 326176, 371410, 493422, 510799, 560820, 93562])),
 (147465, (4.3624755661515113, [326176])),
 (564610, (4.0503894943228111, [])),
 (297378, (3.9552424393795858, [160577, 253343, 29613, 326176])),
 (434541, (3.8863870577425508, [141430, 160577, 239775, 326176, 456436, 545071, 72266])),
 (565461, (3.8573645383941582, [])),
 (495182, (3.8505532455282436, [112803, 174557, 209811, 212140, 259273, 26746, 26943, 30079, 326176, 332294, 555653, 558276])),
 (474576, (3.7972095976605753, [160577, 326176])),
 (92488,  (3.7764326990888701, [204421, 264337, 326176, 402014, 471746, 522809, 98208]))
]
