0	0.150	564548,564549,564550
1	0.150	564553,564554,564550
10	0.150	564550
100	0.150	564555,564556,564557,564558,564550
101	0.150	564550
102	0.150	564559,564560,564561,564562,564563,564564,564550
103	0.150	564565,564566,564550
104	0.150	564551,564567,564568,564569,564570,564571,564572,564573,564574,564575
105	0.150	564566,564550
106	0.150	564577,564551,564578,564579
107	0.150	564581,564582,564583,564584,564585,564586,564550
108	0.150	564550
109	0.150	564550
11	0.150	564551,564587,564588,564589,564590,564591,564592,564593,564594,564595,564596
110	0.150	564550
111	0.150	564598,564599,564600,564601,564602,564603,564604,564605,564606,564607,564608,564550
112	0.150	564609,564610,564611,564612,564613,564614,564615,564550
113	0.150	564616,564617,564550
114	0.150	564618,564619,564550
115	0.150	564620,564621,564566,564550
116	0.150	564550
117	0.150	564622,564623,564624,564566,564550
118	0.150	564625,564626,564627,564550
119	0.150	564628,564550
12	0.150	564629,564630,564631,564566,564550
120	0.150	564632,564633,564634,564550
121	0.150	564550
122	0.150	564635,564636,564637,564551,564638,564639,564640
123	0.150	564642,564643,564566,564550
124	0.150	564644,564645,564646,564550
125	0.150	564550
126	0.150	564566,564550
127	0.150	564550
128	0.150	564647,564648,564550
129	0.150	564550
13	0.150	564649,564550
130	0.150	564551,564650,564651,564652
131	0.150	564551,564654,564655
132	0.150	564550
133	0.150	564657,564658,564659,564660,564661,564566,564550
134	0.150	564662,564663,564664,564550
135	0.150	564550
136	0.150	564665,564550
137	0.150	564666,564667,564668,564550
138	0.150	564669,564670,564671,564672,564673,564550
139	0.150	564674,564550
14	0.150	564566,564551,564675,564676
140	0.150	564678,564679,564550
141	0.150	564680,564681,564550
142	0.150	564682,564550
143	0.150	564551,564683,564684,564685,564686
144	0.150	564688,564689,564550
145	0.150	564690,564691,564692,564693,564694,564695,564696,564550
146	0.150	564566,564550
147	0.150	564550
148	0.150	564550
149	0.150	564697,564698,564566,564550
15	0.150	564550
150	0.150	564699,564700,564701,564702,564703,564704,564705,564566,564550
151	0.150	564706,564707,564708,564566,564550
152	0.150	564551,564709,564710
153	0.150	564712,564713,564714,564715,564716,564550
154	0.150	564550
155	0.150	564717,564718,564550
156	0.150	564550
157	0.150	564719,564720,564721,564722,564723,564724,564725,564726,564550
158	0.150	564566,564550
159	0.150	564727,564728,564729,564730,564550
16	0.150	564551,564731,564732,564733,564734
160	0.150	564550
161	0.150	564736,564737,564738,564739,564551,564740
162	0.150	564550
163	0.150	564551,564742
164	0.150	564744,564566,564550
165	0.150	564745,564746,564747,564748,564749,564750,564751,564550
166	0.150	564752,564753,564754,564755,564756,564566,564550
167	0.150	564757,564758,564759,564760,564761,564550
168	0.150	564762,564551,564763,564764
169	0.150	564550
17	0.150	564766,564767,564550
170	0.150	564550
171	0.150	564768,564769,564550
172	0.150	564770,564771,564551,564772
173	0.150	564774,564775,564776,564777,564566,564551,564778,564779
174	0.150	564781,564782,564783,564784,564785,564550
175	0.150	564786,564787,564788,564789,564550
176	0.150	564790,564791,564550
177	0.150	564792,564793,564550
178	0.150	564566,564550
179	0.150	564794,564795,564796,564797,564798,564799,564800,564550
18	0.150	564550
180	0.150	564801,564802,564803,564804,564805,564550
181	0.150	564806,564807,564808,564566,564550
182	0.150	564809,564810,564811,564550
183	0.150	564812,564813,564814,564815,564816,564550
184	0.150	564550
185	0.150	564817,564818,564819,564820,564821,564822,564566,564550
186	0.150	564823,564566,564550
187	0.150	564566,564550
188	0.150	564550
189	0.150	564551,564824,564825,564826,564827,564828,564829,564830,564831,564832
19	0.150	564834,564835,564551,564836,564837,564838
190	0.150	564840,564841,564842,564566,564550
191	0.150	564843,564844,564550
192	0.150	564845,564550
193	0.150	564846,564566,564550
194	0.150	564566,564550
195	0.150	564847,564848,564849,564850,564566,564550
196	0.150	564550
197	0.150	564551,564851,564852,564853,564854,564855,564856,564857,564858,564859,564860
198	0.150	564551,564862,564863,564864,564865
199	0.150	564566,564551,564867,564868,564869,564870,564871,564872,564873
2	0.150	564875,564550
20	0.150	564876,564877,564878,564550
200	0.150	564550
201	0.150	564566,564550
202	0.150	564551,564879
203	0.150	564881,564551,564882
204	0.150	564566,564550
205	0.150	564884,564885,564886,564887,564888,564889,564550
206	0.150	564551,564890,564891,564892
207	0.150	564551,564894,564895,564896,564897,564898,564899,564900
208	0.150	564902,564550
209	0.150	564566,564551,564903,564904,564905,564906,564907,564908
21	0.150	564550
210	0.150	564910,564911,564912,564913,564550
211	0.150	564566,564550
212	0.150	564551,564914,564915,564916
213	0.150	564918,564919,564920,564921,564922,564923,564550
214	0.150	564924,564550
215	0.150	564925,564926,564550
216	0.150	564927,564928,564550
217	0.150	564550
218	0.150	564929,564930,564931,564932,564566,564550
219	0.150	564550
22	0.150	564933,564934,564935,564936,564550
220	0.150	564550
221	0.150	564566,564550
222	0.150	564937,564550
223	0.150	564938,564550
224	0.150	564939,564940,564941,564942,564943,564550
225	0.150	564944,564945,564946,564947,564550
226	0.150	564948,564949,564566,564550
227	0.150	564566,564550
228	0.150	564950,564550
229	0.150	564951,564952,564953,564954,564550
23	0.150	564550
230	0.150	564955,564956,564957,564958,564959,564960,564566,564550
231	0.150	564961,564962,564550
232	0.150	564963,564964,564566,564550
233	0.150	564965,564966,564967,564968,564969,564970,564550
234	0.150	564971,564972,564973,564974,564550
235	0.150	564550
236	0.150	564550
237	0.150	564975,564976,564977,564550
238	0.150	564978,564550
239	0.150	564979,564980,564550
24	0.150	564981,564566,564550
240	0.150	564982,564566,564550
241	0.150	564983,564984,564550
242	0.150	564985,564986,564987,564988,564550
243	0.150	564989,564990,564991,564992,564993,564994,564550
244	0.150	564995,564996,564997,564550
245	0.150	564998,564999,565000,565001,565002,565003,565004,565005,564550
246	0.150	565006,564550
247	0.150	564566,564550
248	0.150	565007,565008,565009,565010,564550
249	0.150	565011,565012,565013,565014,564550
25	0.150	564566,564550
250	0.150	565015,564550
251	0.150	564550
252	0.150	565016,565017,565018,565019,565020,564550
253	0.150	565021,564550
254	0.150	564551,565022,565023,565024,565025
255	0.150	565027,565028,565029,565030,565031,565032,565033,565034,565035,565036,565037,565038,565039,565040,564550
256	0.150	564551,565041,565042,565043,565044
257	0.150	565046,565047,565048,564566,564550
258	0.150	565049,565050,565051,565052,565053,564550
259	0.150	565054,565055,565056,564566,564550
26	0.150	565057,565058,565059,565060,564550
260	0.150	565061,565062,564550
261	0.150	565063,565064,565065,565066,565067,564550
262	0.150	565068,565069,565070,564566,564550
263	0.150	565071,564550
264	0.150	565072,565073,565074,564550
265	0.150	565075,564550
266	0.150	565076,565077,564550
267	0.150	565078,565079,565080,565081,565082,564566,564550
268	0.150	565083,564566,564550
269	0.150	564550
27	0.150	565084,565085,564551,565086,565087
270	0.150	565089,565090,565091,565092,565093,564566,564551,565094
271	0.150	565096,565097,565098,565099,565100,565101,565102,564566,564551,565103,565104
272	0.150	565106,564550
273	0.150	564550
274	0.150	565107,565108,564550
275	0.150	565109,565110,565111,564550
276	0.150	564551,565112,565113,565114,565115,565116
277	0.150	565118,564550
278	0.150	565119,565120,565121,564550
279	0.150	565122,565123,564550
28	0.150	565124,565125,565126,565127,565128,564550
280	0.150	565129,565130,565131,565132,565133,565134,564566,564550
281	0.150	565135,564550
282	0.150	564566,564550
283	0.150	564550
284	0.150	564551,565136,565137,565138
285	0.150	565140,565141,565142,565143,565144,565145,564566,564550
286	0.150	565146,565147,565148,565149,564550
287	0.150	565150,565151,564550
288	0.150	565152,565153,564566,564550
289	0.150	565154,565155,565156,565157,565158,565159,565160,565161,564566,564550
29	0.150	565162,565163,564550
290	0.150	564551,565164,565165
291	0.150	565167,565168,565169,565170,564550
292	0.150	565171,564550
293	0.150	564566,564551,565172,565173,565174
294	0.150	565176,565177,564550
295	0.150	564551,565178,565179,565180,565181
296	0.150	565183,565184,565185,565186,564550
297	0.150	564550
298	0.150	564550
299	0.150	565187,565188,565189,564550
3	0.150	565190,565191,564550
30	0.150	564566,564551,565192,565193
300	0.150	565195,565196,565197,564550
301	0.150	565198,565199,565200,565201,565202,564566,564550
302	0.150	565203,565204,565205,565206,565207,564550
303	0.150	565208,565209,564550
304	0.150	564550
305	0.150	564550
306	0.150	564550
307	0.150	565210,565211,564551,565212
308	0.150	565214,565215,565216,565217,565218,564550
309	0.150	565219,565220,565221,564566,564550
31	0.150	565222,565223,565224,565225,565226,564550
310	0.150	565227,564550
311	0.150	564550
312	0.150	565228,565229,564550
313	0.150	564566,564550
314	0.150	564550
315	0.150	565230,565231,564566,564550
316	0.150	565232,565233,564550
317	0.150	564551,565234,565235
318	0.150	564550
319	0.150	565237,565238,564550
32	0.150	565239,564550
320	0.150	564551,565240,565241,565242,565243,565244,565245
321	0.150	565247,565248,565249,564550
322	0.150	565250,564550
323	0.150	564566,564550
324	0.150	565251,565252,565253,565254,565255,564551,565256,565257,565258,565259
325	0.150	564566,564551,565261,565262,565263,565264
326	0.150	565266,565267,564550
327	0.150	565268,565269,564550
328	0.150	564550
329	0.150	564550
33	0.150	565270,565271,565272,565273,565274,565275,565276,565277,564550
330	0.150	564566,564550
331	0.150	564550
332	0.150	565278,565279,565280,564550
333	0.150	564550
334	0.150	565281,564550
335	0.150	565282,565283,565284,564550
336	0.150	565285,565286,565287,565288,565289,565290,564550
337	0.150	564551,565291
338	0.150	565293,565294,564550
339	0.150	565295,565296,565297,564550
34	0.150	565298,565299,565300,564566,564550
340	0.150	564551,565301,565302,565303,565304,565305
341	0.150	565307,564566,564550
342	0.150	564550
343	0.150	565308,565309,564550
344	0.150	565310,565311,565312,564550
345	0.150	564551,565313,565314
346	0.150	564551,565316,565317,565318,565319
347	0.150	564566,564550
348	0.150	565321,565322,565323,565324,564550
349	0.150	565325,565326,564551,565327
35	0.150	565329,565330,565331,564550
350	0.150	565332,565333,565334,565335,564550
351	0.150	565336,564550
352	0.150	565337,565338,564550
353	0.150	565339,564550
354	0.150	564566,564550
355	0.150	564566,564551,565340,565341,565342
356	0.150	565344,565345,565346,565347,565348,565349,564550
357	0.150	565350,565351,565352,565353,564550
358	0.150	565354,565355,565356,565357,565358,564566,564550
359	0.150	565359,565360,565361,565362,564566,564550
36	0.150	565363,565364,565365,564550
360	0.150	565366,565367,565368,565369,565370,565371,565372,565373,565374,564550
361	0.150	564566,564550
362	0.150	564551,565375,565376
363	0.150	565378,565379,564550
364	0.150	565380,565381,564566,564550
365	0.150	565382,565383,565384,565385,564566,564550
366	0.150	565386,565387,565388,565389,565390,565391,565392,565393,565394,564550
367	0.150	565395,565396,564550
368	0.150	565397,565398,564551,565399
369	0.150	564566,564550
37	0.150	564566,564550
370	0.150	564550
371	0.150	565401,565402,564550
372	0.150	565403,565404,565405,565406,565407,564550
373	0.150	565408,564550
374	0.150	564551,565409,565410
375	0.150	565412,565413,564566,564550
376	0.150	564551,565414,565415,565416,565417,565418
377	0.150	564550
378	0.150	565420,565421,565422,565423,564550
379	0.150	565424,565425,565426,564551,565427
38	0.150	565429,565430,564550
380	0.150	565431,565432,565433,565434,565435,565436,564550
381	0.150	564550
382	0.150	565437,565438,565439,565440,564566,564550
383	0.150	565441,565442,565443,565444,564550
384	0.150	564550
385	0.150	565445,565446,564550
386	0.150	565447,565448,565449,565450,564550
387	0.150	565451,564550
388	0.150	565452,565453,565454,565455,565456,564550
389	0.150	565457,565458,564550
39	0.150	565459,565460,565461,565462,565463,564566,564550
390	0.150	564550
391	0.150	565464,565465,565466,564550
392	0.150	565467,565468,565469,565470,565471,565472,565473,564551,565474
393	0.150	565476,565477,565478,565479,564550
394	0.150	564550
395	0.150	565480,565481,564550
396	0.150	564550
397	0.150	565482,565483,565484,564550
398	0.150	564550
399	0.150	565485,565486,565487,564550
4	0.150	565488,564550
40	0.150	564566,564550
400	0.150	565489,564550
401	0.150	564550
402	0.150	565490,565491,565492,564550
403	0.150	565493,565494,564551,565495,565496
404	0.150	565498,565499,565500,564550
405	0.150	565501,565502,565503,565504,564566,564550
406	0.150	565505,565506,565507,564550
407	0.150	564551,565508,565509,565510,565511,565512,565513,565514
408	0.150	565516,565517,565518,564550
409	0.150	565519,565520,564550
41	0.150	564550
410	0.150	565521,565522,565523,565524,564550
411	0.150	565525,565526,565527,564550
412	0.150	565528,565529,565530,564550
413	0.150	565531,565532,565533,565455,564550
414	0.150	565534,565535,565536,564550
415	0.150	565537,565538,565539,565540,565541,565542,565543,565544,565545,564550
416	0.150	564550
417	0.150	564551,565546,565547,565548,565549
418	0.150	565551,565552,565553,565554,564550
419	0.150	565555,565556,565557,564550
42	0.150	565558,565559,565560,565561,564550
420	0.150	565562,564566,564550
421	0.150	565563,565564,565565,564550
422	0.150	565566,565567,564550
423	0.150	564550
424	0.150	565568,564550
425	0.150	565569,565570,564550
426	0.150	565571,565572,564550
427	0.150	564550
428	0.150	565573,565574,565575,565576,565577,565578,564566,564550
429	0.150	565579,564566,564550
43	0.150	565580,565581,565582,565583,565584,564550
430	0.150	565585,565586,565587,565588,565589,565590,565591,565592,564550
431	0.150	564566,564551,565593
432	0.150	564550
433	0.150	565595,565596,565597,565598,564566,564550
434	0.150	565599,565600,565601,564550
435	0.150	564550
436	0.150	565602,565603,565604,565605,565606,565607,565608,564550
437	0.150	565609,565610,564551,565611
438	0.150	564566,564550
439	0.150	565613,565614,564550
44	0.150	565615,564550
440	0.150	564550
441	0.150	564550
442	0.150	565616,564550
443	0.150	565617,565618,565619,565620,565621,564550
444	0.150	564550
445	0.150	564566,564551,565622,565623,565624,565625,565626,565627,565628,565629,565630,565631
446	0.150	564550
447	0.150	564566,564550
448	0.150	565633,565634,565635,565636,565637,564550
449	0.150	564566,564550
45	0.150	565638,565639,565640,564550
450	0.150	564566,564551,565641,565642,565643,565644,565645
451	0.150	565647,565648,565649,564550
452	0.150	565650,565651,565652,565653,565654,564566,564550
453	0.150	564550
454	0.150	565655,564550
455	0.150	565656,565657,565658,565659,564550
456	0.150	564550
457	0.150	565660,565661,565662,564550
458	0.150	564566,564551,565663,565664,565665,565666,565667,565668,565669
459	0.150	565671,565672,564551,565673
46	0.150	565675,565676,565677,564550
460	0.150	565678,565679,565680,564550
461	0.150	564550
462	0.150	564551,565681,565682
463	0.150	565684,564566,564550
464	0.150	565685,565686,565687,564550
465	0.150	565688,565689,564550
466	0.150	565690,565691,565692,565693,565694,564551,565695
467	0.150	565697,565698,565699,565700,565701,565702,564566,564550
468	0.150	565703,565704,565705,564550
469	0.150	565706,565707,565708,564550
47	0.150	565709,565710,565711,565712,564550
470	0.150	565713,565714,565715,565716,565717,565718,564550
471	0.150	565719,564550
472	0.150	565720,564566,564550
473	0.150	564566,564551,565721
474	0.150	565723,565724,565725,565726,564550
475	0.150	565727,565728,564550
476	0.150	564566,564550
477	0.150	565729,564550
478	0.150	565730,564550
479	0.150	564550
48	0.150	564566,564550
480	0.150	565731,565732,565733,565734,564550
481	0.150	565735,565736,565737,565738,565739,565740,565741,564550
482	0.150	565742,565743,565744,565745,565746,565747,564550
483	0.150	565748,565749,564550
484	0.150	565750,565751,565752,565753,564550
485	0.150	564550
486	0.150	564550
487	0.150	565754,564550
488	0.150	565755,565756,565757,564550
489	0.150	564566,564550
49	0.150	565758,564550
490	0.150	565759,565760,564550
491	0.150	564550
492	0.150	565761,564550
493	0.150	565762,565763,565764,564550
494	0.150	565765,564550
495	0.150	565766,564550
496	0.150	565767,564550
497	0.150	564550
498	0.150	565768,565769,565118,565770,565771,565772,565773,565774,564550
499	0.150	564551,565775,565776
5	0.150	564551,565778,565779,565780,565781,565782,565783,565784,565785,565786,565787,565788,565789
50	0.150	564551,565791,565792
500	0.150	565794,565795,565796,564550
501	0.150	565797,564550
502	0.150	565798,564550
503	0.150	564550
504	0.150	564551,565799,565800
505	0.150	565802,565803,564550
506	0.150	564566,564550
507	0.150	565804,565805,564550
508	0.150	565806,564550
509	0.150	564550
51	0.150	565807,565808,565809,565810,565811,564550
510	0.150	565812,565813,564566,564550
511	0.150	564566,564550
512	0.150	564566,564551,565814,565815
513	0.150	565817,565818,565819,564550
514	0.150	565820,565821,565822,565823,565824,564550
515	0.150	565825,564551,565826,565827,565828,565829,565830
516	0.150	565832,565833,565834,565835,564550
517	0.150	565836,564550
518	0.150	565837,565838,564550
519	0.150	565839,565840,565841,565842,565843,564550
52	0.150	565844,565845,564550
520	0.150	564550
521	0.150	564550
522	0.150	565846,565847,565848,565849,564566,564550
523	0.150	564551,565850,565851,565852,565853,565854
524	0.150	565856,565857,564550
525	0.150	565858,564550
526	0.150	565859,565860,565861,565862,564550
527	0.150	564566,564550
528	0.150	565863,564550
529	0.150	564551,565864,565865,565866,565867,565868
53	0.150	565870,565871,565872,564550
530	0.150	565873,565874,564550
531	0.150	565875,564550
532	0.150	565876,565877,565878,565879,565880,565881,565882,565883,565884,565885,565886,565887,564550
533	0.150	565888,564566,564550
534	0.150	565889,565890,565891,564566,564551,565892,565893
535	0.150	565895,564550
536	0.150	565896,565897,565898,564550
537	0.150	565899,564550
538	0.150	565900,565901,565902,565903,565904,564550
539	0.150	565905,565906,564550
54	0.150	565907,565908,565909,565910,564550
540	0.150	565911,565912,565913,565914,564550
541	0.150	564550
542	0.150	565915,565916,564550
543	0.150	565917,565918,565919,565920,565921,565922,564550
544	0.150	564566,564550
545	0.150	564566,564550
546	0.150	564566,564550
547	0.150	564550
548	0.150	565923,565924,564566,564551,565925,565926,565927
549	0.150	564550
55	0.150	565929,565930,564566,564550
550	0.150	565931,565932,565933,564566,564550
551	0.150	565934,565935,565936,564550
552	0.150	565937,565938,564550
553	0.150	565939,565940,565941,564550
554	0.150	565942,565943,565944,565945,565946,565947,564550
555	0.150	564983,565948,565949,565950,565951,564566,564550
556	0.150	565952,565953,565954,565955,565956,565957,564550
557	0.150	565958,565959,564550
558	0.150	565960,564550
559	0.150	564566,564550
56	0.150	565961,565962,565963,565964,565965,564550
560	0.150	564550
561	0.150	565966,565967,565968,565969,565970,565971,565972,564566,564550
562	0.150	565973,565974,564550
563	0.150	565975,564550
564	0.150	564551,565976
564548	0.150	564552
564549	0.150	564552
564551	0.150	564552
564553	0.150	564552
564554	0.150	564552
564555	0.150	564552
564556	0.150	564552
564557	0.150	564552
564558	0.150	564552
564559	0.150	564552
564560	0.150	564552
564561	0.150	564552
564562	0.150	564552
564563	0.150	564552
564564	0.150	564552
564565	0.150	564552
564566	0.150	564552
564567	0.150	564552
564568	0.150	564552
564569	0.150	564552
564570	0.150	564552
564571	0.150	564552
564572	0.150	564552
564573	0.150	564552
564574	0.150	564552
564576	0.150	564552
564577	0.150	564552
564578	0.150	564552
564580	0.150	564552
564581	0.150	564552
564582	0.150	564552
564583	0.150	564552
564584	0.150	564552
564585	0.150	564552
564586	0.150	564552
564587	0.150	564552
564588	0.150	564552
564589	0.150	564552
564590	0.150	564552
564591	0.150	564552
564592	0.150	564552
564593	0.150	564552
564594	0.150	564552
564595	0.150	564552
564597	0.150	564552
564598	0.150	564552
564599	0.150	564552
564600	0.150	564552
564601	0.150	564552
564602	0.150	564552
564603	0.150	564552
564604	0.150	564552
564605	0.150	564552
564606	0.150	564552
564607	0.150	564552
564608	0.150	564552
564609	0.150	564552
564610	0.150	564552
564611	0.150	564552
564612	0.150	564552
564613	0.150	564552
564614	0.150	564552
564615	0.150	564552
564616	0.150	564552
564617	0.150	564552
564618	0.150	564552
564619	0.150	564552
564620	0.150	564552
564621	0.150	564552
564622	0.150	564552
564623	0.150	564552
564624	0.150	564552
564625	0.150	564552
564626	0.150	564552
564627	0.150	564552
564628	0.150	564552
564629	0.150	564552
564630	0.150	564552
564631	0.150	564552
564632	0.150	564552
564633	0.150	564552
564634	0.150	564552
564635	0.150	564552
564636	0.150	564552
564637	0.150	564552
564638	0.150	564552
564639	0.150	564552
564641	0.150	564552
564642	0.150	564552
564643	0.150	564552
564644	0.150	564552
564645	0.150	564552
564646	0.150	564552
564647	0.150	564552
564648	0.150	564552
564649	0.150	564552
564650	0.150	564552
564651	0.150	564552
564653	0.150	564552
564654	0.150	564552
564656	0.150	564552
564657	0.150	564552
564658	0.150	564552
564659	0.150	564552
564660	0.150	564552
564661	0.150	564552
564662	0.150	564552
564663	0.150	564552
564664	0.150	564552
564665	0.150	564552
564666	0.150	564552
564667	0.150	564552
564668	0.150	564552
564669	0.150	564552
564670	0.150	564552
564671	0.150	564552
564672	0.150	564552
564673	0.150	564552
564674	0.150	564552
564675	0.150	564552
564677	0.150	564552
564678	0.150	564552
564679	0.150	564552
564680	0.150	564552
564681	0.150	564552
564682	0.150	564552
564683	0.150	564552
564684	0.150	564552
564685	0.150	564552
564687	0.150	564552
564688	0.150	564552
564689	0.150	564552
564690	0.150	564552
564691	0.150	564552
564692	0.150	564552
564693	0.150	564552
564694	0.150	564552
564695	0.150	564552
564696	0.150	564552
564697	0.150	564552
564698	0.150	564552
564699	0.150	564552
564700	0.150	564552
564701	0.150	564552
564702	0.150	564552
564703	0.150	564552
564704	0.150	564552
564705	0.150	564552
564706	0.150	564552
564707	0.150	564552
564708	0.150	564552
564709	0.150	564552
564711	0.150	564552
564712	0.150	564552
564713	0.150	564552
564714	0.150	564552
564715	0.150	564552
564716	0.150	564552
564717	0.150	564552
564718	0.150	564552
564719	0.150	564552
564720	0.150	564552
564721	0.150	564552
564722	0.150	564552
564723	0.150	564552
564724	0.150	564552
564725	0.150	564552
564726	0.150	564552
564727	0.150	564552
564728	0.150	564552
564729	0.150	564552
564730	0.150	564552
564731	0.150	564552
564732	0.150	564552
564733	0.150	564552
564735	0.150	564552
564736	0.150	564552
564737	0.150	564552
564738	0.150	564552
564739	0.150	564552
564741	0.150	564552
564743	0.150	564552
564744	0.150	564552
564745	0.150	564552
564746	0.150	564552
564747	0.150	564552
564748	0.150	564552
564749	0.150	564552
564750	0.150	564552
564751	0.150	564552
564752	0.150	564552
564753	0.150	564552
564754	0.150	564552
564755	0.150	564552
564756	0.150	564552
564757	0.150	564552
564758	0.150	564552
564759	0.150	564552
564760	0.150	564552
564761	0.150	564552
564762	0.150	564552
564763	0.150	564552
564765	0.150	564552
564766	0.150	564552
564767	0.150	564552
564768	0.150	564552
564769	0.150	564552
564770	0.150	564552
564771	0.150	564552
564773	0.150	564552
564774	0.150	564552
564775	0.150	564552
564776	0.150	564552
564777	0.150	564552
564778	0.150	564552
564780	0.150	564552
564781	0.150	564552
564782	0.150	564552
564783	0.150	564552
564784	0.150	564552
564785	0.150	564552
564786	0.150	564552
564787	0.150	564552
564788	0.150	564552
564789	0.150	564552
564790	0.150	564552
564791	0.150	564552
564792	0.150	564552
564793	0.150	564552
564794	0.150	564552
564795	0.150	564552
564796	0.150	564552
564797	0.150	564552
564798	0.150	564552
564799	0.150	564552
564800	0.150	564552
564801	0.150	564552
564802	0.150	564552
564803	0.150	564552
564804	0.150	564552
564805	0.150	564552
564806	0.150	564552
564807	0.150	564552
564808	0.150	564552
564809	0.150	564552
564810	0.150	564552
564811	0.150	564552
564812	0.150	564552
564813	0.150	564552
564814	0.150	564552
564815	0.150	564552
564816	0.150	564552
564817	0.150	564552
564818	0.150	564552
564819	0.150	564552
564820	0.150	564552
564821	0.150	564552
564822	0.150	564552
564823	0.150	564552
564824	0.150	564552
564825	0.150	564552
564826	0.150	564552
564827	0.150	564552
564828	0.150	564552
564829	0.150	564552
564830	0.150	564552
564831	0.150	564552
564833	0.150	564552
564834	0.150	564552
564835	0.150	564552
564836	0.150	564552
564837	0.150	564552
564839	0.150	564552
564840	0.150	564552
564841	0.150	564552
564842	0.150	564552
564843	0.150	564552
564844	0.150	564552
564845	0.150	564552
564846	0.150	564552
564847	0.150	564552
564848	0.150	564552
564849	0.150	564552
564850	0.150	564552
564851	0.150	564552
564852	0.150	564552
564853	0.150	564552
564854	0.150	564552
564855	0.150	564552
564856	0.150	564552
564857	0.150	564552
564858	0.150	564552
564859	0.150	564552
564861	0.150	564552
564862	0.150	564552
564863	0.150	564552
564864	0.150	564552
564866	0.150	564552
564867	0.150	564552
564868	0.150	564552
564869	0.150	564552
564870	0.150	564552
564871	0.150	564552
564872	0.150	564552
564874	0.150	564552
564875	0.150	564552
564876	0.150	564552
564877	0.150	564552
564878	0.150	564552
564880	0.150	564552
564881	0.150	564552
564883	0.150	564552
564884	0.150	564552
564885	0.150	564552
564886	0.150	564552
564887	0.150	564552
564888	0.150	564552
564889	0.150	564552
564890	0.150	564552
564891	0.150	564552
564893	0.150	564552
564894	0.150	564552
564895	0.150	564552
564896	0.150	564552
564897	0.150	564552
564898	0.150	564552
564899	0.150	564552
564901	0.150	564552
564902	0.150	564552
564903	0.150	564552
564904	0.150	564552
564905	0.150	564552
564906	0.150	564552
564907	0.150	564552
564909	0.150	564552
564910	0.150	564552
564911	0.150	564552
564912	0.150	564552
564913	0.150	564552
564914	0.150	564552
564915	0.150	564552
564917	0.150	564552
564918	0.150	564552
564919	0.150	564552
564920	0.150	564552
564921	0.150	564552
564922	0.150	564552
564923	0.150	564552
564924	0.150	564552
564925	0.150	564552
564926	0.150	564552
564927	0.150	564552
564928	0.150	564552
564929	0.150	564552
564930	0.150	564552
564931	0.150	564552
564932	0.150	564552
564933	0.150	564552
564934	0.150	564552
564935	0.150	564552
564936	0.150	564552
564937	0.150	564552
564938	0.150	564552
564939	0.150	564552
564940	0.150	564552
564941	0.150	564552
564942	0.150	564552
564943	0.150	564552
564944	0.150	564552
564945	0.150	564552
564946	0.150	564552
564947	0.150	564552
564948	0.150	564552
564949	0.150	564552
564950	0.150	564552
564951	0.150	564552
564952	0.150	564552
564953	0.150	564552
564954	0.150	564552
564955	0.150	564552
564956	0.150	564552
564957	0.150	564552
564958	0.150	564552
564959	0.150	564552
564960	0.150	564552
564961	0.150	564552
564962	0.150	564552
564963	0.150	564552
564964	0.150	564552
564965	0.150	564552
564966	0.150	564552
564967	0.150	564552
564968	0.150	564552
564969	0.150	564552
564970	0.150	564552
564971	0.150	564552
564972	0.150	564552
564973	0.150	564552
564974	0.150	564552
564975	0.150	564552
564976	0.150	564552
564977	0.150	564552
564978	0.150	564552
564979	0.150	564552
564980	0.150	564552
564981	0.150	564552
564982	0.150	564552
564983	0.150	564552
564984	0.150	564552
564985	0.150	564552
564986	0.150	564552
564987	0.150	564552
564988	0.150	564552
564989	0.150	564552
564990	0.150	564552
564991	0.150	564552
564992	0.150	564552
564993	0.150	564552
564994	0.150	564552
564995	0.150	564552
564996	0.150	564552
564997	0.150	564552
564998	0.150	564552
564999	0.150	564552
565000	0.150	564552
565001	0.150	564552
565002	0.150	564552
565003	0.150	564552
565004	0.150	564552
565005	0.150	564552
565006	0.150	564552
565007	0.150	564552
565008	0.150	564552
565009	0.150	564552
565010	0.150	564552
565011	0.150	564552
565012	0.150	564552
565013	0.150	564552
565014	0.150	564552
565015	0.150	564552
565016	0.150	564552
565017	0.150	564552
565018	0.150	564552
565019	0.150	564552
565020	0.150	564552
565021	0.150	564552
565022	0.150	564552
565023	0.150	564552
565024	0.150	564552
565026	0.150	564552
565027	0.150	564552
565028	0.150	564552
565029	0.150	564552
565030	0.150	564552
565031	0.150	564552
565032	0.150	564552
565033	0.150	564552
565034	0.150	564552
565035	0.150	564552
565036	0.150	564552
565037	0.150	564552
565038	0.150	564552
565039	0.150	564552
565040	0.150	564552
565041	0.150	564552
565042	0.150	564552
565043	0.150	564552
565045	0.150	564552
565046	0.150	564552
565047	0.150	564552
565048	0.150	564552
565049	0.150	564552
565050	0.150	564552
565051	0.150	564552
565052	0.150	564552
565053	0.150	564552
565054	0.150	564552
565055	0.150	564552
565056	0.150	564552
565057	0.150	564552
565058	0.150	564552
565059	0.150	564552
565060	0.150	564552
565061	0.150	564552
565062	0.150	564552
565063	0.150	564552
565064	0.150	564552
565065	0.150	564552
565066	0.150	564552
565067	0.150	564552
565068	0.150	564552
565069	0.150	564552
565070	0.150	564552
565071	0.150	564552
565072	0.150	564552
565073	0.150	564552
565074	0.150	564552
565075	0.150	564552
565076	0.150	564552
565077	0.150	564552
565078	0.150	564552
565079	0.150	564552
565080	0.150	564552
565081	0.150	564552
565082	0.150	564552
565083	0.150	564552
565084	0.150	564552
565085	0.150	564552
565086	0.150	564552
565088	0.150	564552
565089	0.150	564552
565090	0.150	564552
565091	0.150	564552
565092	0.150	564552
565093	0.150	564552
565095	0.150	564552
565096	0.150	564552
565097	0.150	564552
565098	0.150	564552
565099	0.150	564552
565100	0.150	564552
565101	0.150	564552
565102	0.150	564552
565103	0.150	564552
565105	0.150	564552
565106	0.150	564552
565107	0.150	564552
565108	0.150	564552
565109	0.150	564552
565110	0.150	564552
565111	0.150	564552
565112	0.150	564552
565113	0.150	564552
565114	0.150	564552
565115	0.150	564552
565117	0.150	564552
565118	0.150	564552
565119	0.150	564552
565120	0.150	564552
565121	0.150	564552
565122	0.150	564552
565123	0.150	564552
565124	0.150	564552
565125	0.150	564552
565126	0.150	564552
565127	0.150	564552
565128	0.150	564552
565129	0.150	564552
565130	0.150	564552
565131	0.150	564552
565132	0.150	564552
565133	0.150	564552
565134	0.150	564552
565135	0.150	564552
565136	0.150	564552
565137	0.150	564552
565139	0.150	564552
565140	0.150	564552
565141	0.150	564552
565142	0.150	564552
565143	0.150	564552
565144	0.150	564552
565145	0.150	564552
565146	0.150	564552
565147	0.150	564552
565148	0.150	564552
565149	0.150	564552
565150	0.150	564552
565151	0.150	564552
565152	0.150	564552
565153	0.150	564552
565154	0.150	564552
565155	0.150	564552
565156	0.150	564552
565157	0.150	564552
565158	0.150	564552
565159	0.150	564552
565160	0.150	564552
565161	0.150	564552
565162	0.150	564552
565163	0.150	564552
565164	0.150	564552
565166	0.150	564552
565167	0.150	564552
565168	0.150	564552
565169	0.150	564552
565170	0.150	564552
565171	0.150	564552
565172	0.150	564552
565173	0.150	564552
565175	0.150	564552
565176	0.150	564552
565177	0.150	564552
565178	0.150	564552
565179	0.150	564552
565180	0.150	564552
565182	0.150	564552
565183	0.150	564552
565184	0.150	564552
565185	0.150	564552
565186	0.150	564552
565187	0.150	564552
565188	0.150	564552
565189	0.150	564552
565190	0.150	564552
565191	0.150	564552
565192	0.150	564552
565194	0.150	564552
565195	0.150	564552
565196	0.150	564552
565197	0.150	564552
565198	0.150	564552
565199	0.150	564552
565200	0.150	564552
565201	0.150	564552
565202	0.150	564552
565203	0.150	564552
565204	0.150	564552
565205	0.150	564552
565206	0.150	564552
565207	0.150	564552
565208	0.150	564552
565209	0.150	564552
565210	0.150	564552
565211	0.150	564552
565213	0.150	564552
565214	0.150	564552
565215	0.150	564552
565216	0.150	564552
565217	0.150	564552
565218	0.150	564552
565219	0.150	564552
565220	0.150	564552
565221	0.150	564552
565222	0.150	564552
565223	0.150	564552
565224	0.150	564552
565225	0.150	564552
565226	0.150	564552
565227	0.150	564552
565228	0.150	564552
565229	0.150	564552
565230	0.150	564552
565231	0.150	564552
565232	0.150	564552
565233	0.150	564552
565234	0.150	564552
565236	0.150	564552
565237	0.150	564552
565238	0.150	564552
565239	0.150	564552
565240	0.150	564552
565241	0.150	564552
565242	0.150	564552
565243	0.150	564552
565244	0.150	564552
565246	0.150	564552
565247	0.150	564552
565248	0.150	564552
565249	0.150	564552
565250	0.150	564552
565251	0.150	564552
565252	0.150	564552
565253	0.150	564552
565254	0.150	564552
565255	0.150	564552
565256	0.150	564552
565257	0.150	564552
565258	0.150	564552
565260	0.150	564552
565261	0.150	564552
565262	0.150	564552
565263	0.150	564552
565265	0.150	564552
565266	0.150	564552
565267	0.150	564552
565268	0.150	564552
565269	0.150	564552
565270	0.150	564552
565271	0.150	564552
565272	0.150	564552
565273	0.150	564552
565274	0.150	564552
565275	0.150	564552
565276	0.150	564552
565277	0.150	564552
565278	0.150	564552
565279	0.150	564552
565280	0.150	564552
565281	0.150	564552
565282	0.150	564552
565283	0.150	564552
565284	0.150	564552
565285	0.150	564552
565286	0.150	564552
565287	0.150	564552
565288	0.150	564552
565289	0.150	564552
565290	0.150	564552
565292	0.150	564552
565293	0.150	564552
565294	0.150	564552
565295	0.150	564552
565296	0.150	564552
565297	0.150	564552
565298	0.150	564552
565299	0.150	564552
565300	0.150	564552
565301	0.150	564552
565302	0.150	564552
565303	0.150	564552
565304	0.150	564552
565306	0.150	564552
565307	0.150	564552
565308	0.150	564552
565309	0.150	564552
565310	0.150	564552
565311	0.150	564552
565312	0.150	564552
565313	0.150	564552
565315	0.150	564552
565316	0.150	564552
565317	0.150	564552
565318	0.150	564552
565320	0.150	564552
565321	0.150	564552
565322	0.150	564552
565323	0.150	564552
565324	0.150	564552
565325	0.150	564552
565326	0.150	564552
565328	0.150	564552
565329	0.150	564552
565330	0.150	564552
565331	0.150	564552
565332	0.150	564552
565333	0.150	564552
565334	0.150	564552
565335	0.150	564552
565336	0.150	564552
565337	0.150	564552
565338	0.150	564552
565339	0.150	564552
565340	0.150	564552
565341	0.150	564552
565343	0.150	564552
565344	0.150	564552
565345	0.150	564552
565346	0.150	564552
565347	0.150	564552
565348	0.150	564552
565349	0.150	564552
565350	0.150	564552
565351	0.150	564552
565352	0.150	564552
565353	0.150	564552
565354	0.150	564552
565355	0.150	564552
565356	0.150	564552
565357	0.150	564552
565358	0.150	564552
565359	0.150	564552
565360	0.150	564552
565361	0.150	564552
565362	0.150	564552
565363	0.150	564552
565364	0.150	564552
565365	0.150	564552
565366	0.150	564552
565367	0.150	564552
565368	0.150	564552
565369	0.150	564552
565370	0.150	564552
565371	0.150	564552
565372	0.150	564552
565373	0.150	564552
565374	0.150	564552
565375	0.150	564552
565377	0.150	564552
565378	0.150	564552
565379	0.150	564552
565380	0.150	564552
565381	0.150	564552
565382	0.150	564552
565383	0.150	564552
565384	0.150	564552
565385	0.150	564552
565386	0.150	564552
565387	0.150	564552
565388	0.150	564552
565389	0.150	564552
565390	0.150	564552
565391	0.150	564552
565392	0.150	564552
565393	0.150	564552
565394	0.150	564552
565395	0.150	564552
565396	0.150	564552
565397	0.150	564552
565398	0.150	564552
565400	0.150	564552
565401	0.150	564552
565402	0.150	564552
565403	0.150	564552
565404	0.150	564552
565405	0.150	564552
565406	0.150	564552
565407	0.150	564552
565408	0.150	564552
565409	0.150	564552
565411	0.150	564552
565412	0.150	564552
565413	0.150	564552
565414	0.150	564552
565415	0.150	564552
565416	0.150	564552
565417	0.150	564552
565419	0.150	564552
565420	0.150	564552
565421	0.150	564552
565422	0.150	564552
565423	0.150	564552
565424	0.150	564552
565425	0.150	564552
565426	0.150	564552
565428	0.150	564552
565429	0.150	564552
565430	0.150	564552
565431	0.150	564552
565432	0.150	564552
565433	0.150	564552
565434	0.150	564552
565435	0.150	564552
565436	0.150	564552
565437	0.150	564552
565438	0.150	564552
565439	0.150	564552
565440	0.150	564552
565441	0.150	564552
565442	0.150	564552
565443	0.150	564552
565444	0.150	564552
565445	0.150	564552
565446	0.150	564552
565447	0.150	564552
565448	0.150	564552
565449	0.150	564552
565450	0.150	564552
565451	0.150	564552
565452	0.150	564552
565453	0.150	564552
565454	0.150	564552
565455	0.150	564552
565456	0.150	564552
565457	0.150	564552
565458	0.150	564552
565459	0.150	564552
565460	0.150	564552
565461	0.150	564552
565462	0.150	564552
565463	0.150	564552
565464	0.150	564552
565465	0.150	564552
565466	0.150	564552
565467	0.150	564552
565468	0.150	564552
565469	0.150	564552
565470	0.150	564552
565471	0.150	564552
565472	0.150	564552
565473	0.150	564552
565475	0.150	564552
565476	0.150	564552
565477	0.150	564552
565478	0.150	564552
565479	0.150	564552
565480	0.150	564552
565481	0.150	564552
565482	0.150	564552
565483	0.150	564552
565484	0.150	564552
565485	0.150	564552
565486	0.150	564552
565487	0.150	564552
565488	0.150	564552
565489	0.150	564552
565490	0.150	564552
565491	0.150	564552
565492	0.150	564552
565493	0.150	564552
565494	0.150	564552
565495	0.150	564552
565497	0.150	564552
565498	0.150	564552
565499	0.150	564552
565500	0.150	564552
565501	0.150	564552
565502	0.150	564552
565503	0.150	564552
565504	0.150	564552
565505	0.150	564552
565506	0.150	564552
565507	0.150	564552
565508	0.150	564552
565509	0.150	564552
565510	0.150	564552
565511	0.150	564552
565512	0.150	564552
565513	0.150	564552
565515	0.150	564552
565516	0.150	564552
565517	0.150	564552
565518	0.150	564552
565519	0.150	564552
565520	0.150	564552
565521	0.150	564552
565522	0.150	564552
565523	0.150	564552
565524	0.150	564552
565525	0.150	564552
565526	0.150	564552
565527	0.150	564552
565528	0.150	564552
565529	0.150	564552
565530	0.150	564552
565531	0.150	564552
565532	0.150	564552
565533	0.150	564552
565534	0.150	564552
565535	0.150	564552
565536	0.150	564552
565537	0.150	564552
565538	0.150	564552
565539	0.150	564552
565540	0.150	564552
565541	0.150	564552
565542	0.150	564552
565543	0.150	564552
565544	0.150	564552
565545	0.150	564552
565546	0.150	564552
565547	0.150	564552
565548	0.150	564552
565550	0.150	564552
565551	0.150	564552
565552	0.150	564552
565553	0.150	564552
565554	0.150	564552
565555	0.150	564552
565556	0.150	564552
565557	0.150	564552
565558	0.150	564552
565559	0.150	564552
565560	0.150	564552
565561	0.150	564552
565562	0.150	564552
565563	0.150	564552
565564	0.150	564552
565565	0.150	564552
565566	0.150	564552
565567	0.150	564552
565568	0.150	564552
565569	0.150	564552
565570	0.150	564552
565571	0.150	564552
565572	0.150	564552
565573	0.150	564552
565574	0.150	564552
565575	0.150	564552
565576	0.150	564552
565577	0.150	564552
565578	0.150	564552
565579	0.150	564552
565580	0.150	564552
565581	0.150	564552
565582	0.150	564552
565583	0.150	564552
565584	0.150	564552
565585	0.150	564552
565586	0.150	564552
565587	0.150	564552
565588	0.150	564552
565589	0.150	564552
565590	0.150	564552
565591	0.150	564552
565592	0.150	564552
565594	0.150	564552
565595	0.150	564552
565596	0.150	564552
565597	0.150	564552
565598	0.150	564552
565599	0.150	564552
565600	0.150	564552
565601	0.150	564552
565602	0.150	564552
565603	0.150	564552
565604	0.150	564552
565605	0.150	564552
565606	0.150	564552
565607	0.150	564552
565608	0.150	564552
565609	0.150	564552
565610	0.150	564552
565612	0.150	564552
565613	0.150	564552
565614	0.150	564552
565615	0.150	564552
565616	0.150	564552
565617	0.150	564552
565618	0.150	564552
565619	0.150	564552
565620	0.150	564552
565621	0.150	564552
565622	0.150	564552
565623	0.150	564552
565624	0.150	564552
565625	0.150	564552
565626	0.150	564552
565627	0.150	564552
565628	0.150	564552
565629	0.150	564552
565630	0.150	564552
565632	0.150	564552
565633	0.150	564552
565634	0.150	564552
565635	0.150	564552
565636	0.150	564552
565637	0.150	564552
565638	0.150	564552
565639	0.150	564552
565640	0.150	564552
565641	0.150	564552
565642	0.150	564552
565643	0.150	564552
565644	0.150	564552
565646	0.150	564552
565647	0.150	564552
565648	0.150	564552
565649	0.150	564552
565650	0.150	564552
565651	0.150	564552
565652	0.150	564552
565653	0.150	564552
565654	0.150	564552
565655	0.150	564552
565656	0.150	564552
565657	0.150	564552
565658	0.150	564552
565659	0.150	564552
565660	0.150	564552
565661	0.150	564552
565662	0.150	564552
565663	0.150	564552
565664	0.150	564552
565665	0.150	564552
565666	0.150	564552
565667	0.150	564552
565668	0.150	564552
565670	0.150	564552
565671	0.150	564552
565672	0.150	564552
565674	0.150	564552
565675	0.150	564552
565676	0.150	564552
565677	0.150	564552
565678	0.150	564552
565679	0.150	564552
565680	0.150	564552
565681	0.150	564552
565683	0.150	564552
565684	0.150	564552
565685	0.150	564552
565686	0.150	564552
565687	0.150	564552
565688	0.150	564552
565689	0.150	564552
565690	0.150	564552
565691	0.150	564552
565692	0.150	564552
565693	0.150	564552
565694	0.150	564552
565696	0.150	564552
565697	0.150	564552
565698	0.150	564552
565699	0.150	564552
565700	0.150	564552
565701	0.150	564552
565702	0.150	564552
565703	0.150	564552
565704	0.150	564552
565705	0.150	564552
565706	0.150	564552
565707	0.150	564552
565708	0.150	564552
565709	0.150	564552
565710	0.150	564552
565711	0.150	564552
565712	0.150	564552
565713	0.150	564552
565714	0.150	564552
565715	0.150	564552
565716	0.150	564552
565717	0.150	564552
565718	0.150	564552
565719	0.150	564552
565720	0.150	564552
565722	0.150	564552
565723	0.150	564552
565724	0.150	564552
565725	0.150	564552
565726	0.150	564552
565727	0.150	564552
565728	0.150	564552
565729	0.150	564552
565730	0.150	564552
565731	0.150	564552
565732	0.150	564552
565733	0.150	564552
565734	0.150	564552
565735	0.150	564552
565736	0.150	564552
565737	0.150	564552
565738	0.150	564552
565739	0.150	564552
565740	0.150	564552
565741	0.150	564552
565742	0.150	564552
565743	0.150	564552
565744	0.150	564552
565745	0.150	564552
565746	0.150	564552
565747	0.150	564552
565748	0.150	564552
565749	0.150	564552
565750	0.150	564552
565751	0.150	564552
565752	0.150	564552
565753	0.150	564552
565754	0.150	564552
565755	0.150	564552
565756	0.150	564552
565757	0.150	564552
565758	0.150	564552
565759	0.150	564552
565760	0.150	564552
565761	0.150	564552
565762	0.150	564552
565763	0.150	564552
565764	0.150	564552
565765	0.150	564552
565766	0.150	564552
565767	0.150	564552
565768	0.150	564552
565769	0.150	564552
565770	0.150	564552
565771	0.150	564552
565772	0.150	564552
565773	0.150	564552
565774	0.150	564552
565775	0.150	564552
565777	0.150	564552
565778	0.150	564552
565779	0.150	564552
565780	0.150	564552
565781	0.150	564552
565782	0.150	564552
565783	0.150	564552
565784	0.150	564552
565785	0.150	564552
565786	0.150	564552
565787	0.150	564552
565788	0.150	564552
565790	0.150	564552
565791	0.150	564552
565793	0.150	564552
565794	0.150	564552
565795	0.150	564552
565796	0.150	564552
565797	0.150	564552
565798	0.150	564552
565799	0.150	564552
565802	0.150	564552
565803	0.150	564552
565804	0.150	564552
565805	0.150	564552
565806	0.150	564552
565807	0.150	564552
565808	0.150	564552
565809	0.150	564552
565810	0.150	564552
565811	0.150	564552
565812	0.150	564552
565813	0.150	564552
565814	0.150	564552
565816	0.150	564552
565817	0.150	564552
565818	0.150	564552
565819	0.150	564552
565820	0.150	564552
565821	0.150	564552
565822	0.150	564552
565823	0.150	564552
565824	0.150	564552
565825	0.150	564552
565826	0.150	564552
565827	0.150	564552
565828	0.150	564552
565829	0.150	564552
565831	0.150	564552
565832	0.150	564552
565833	0.150	564552
565834	0.150	564552
565835	0.150	564552
565836	0.150	564552
565837	0.150	564552
565838	0.150	564552
565839	0.150	564552
565840	0.150	564552
565841	0.150	564552
565842	0.150	564552
565843	0.150	564552
565844	0.150	564552
565845	0.150	564552
565846	0.150	564552
565847	0.150	564552
565848	0.150	564552
565849	0.150	564552
565850	0.150	564552
565851	0.150	564552
565852	0.150	564552
565853	0.150	564552
565855	0.150	564552
565856	0.150	564552
565857	0.150	564552
565858	0.150	564552
565859	0.150	564552
565860	0.150	564552
565861	0.150	564552
565862	0.150	564552
565863	0.150	564552
565864	0.150	564552
565865	0.150	564552
565866	0.150	564552
565867	0.150	564552
565869	0.150	564552
565870	0.150	564552
565871	0.150	564552
565872	0.150	564552
565873	0.150	564552
565874	0.150	564552
565875	0.150	564552
565876	0.150	564552
565877	0.150	564552
565878	0.150	564552
565879	0.150	564552
565880	0.150	564552
565881	0.150	564552
565882	0.150	564552
565883	0.150	564552
565884	0.150	564552
565885	0.150	564552
565886	0.150	564552
565887	0.150	564552
565888	0.150	564552
565889	0.150	564552
565890	0.150	564552
565891	0.150	564552
565892	0.150	564552
565894	0.150	564552
565895	0.150	564552
565896	0.150	564552
565897	0.150	564552
565898	0.150	564552
565899	0.150	564552
565900	0.150	564552
565901	0.150	564552
565902	0.150	564552
565903	0.150	564552
565904	0.150	564552
565905	0.150	564552
565906	0.150	564552
565907	0.150	564552
565908	0.150	564552
565909	0.150	564552
565910	0.150	564552
565911	0.150	564552
565912	0.150	564552
565913	0.150	564552
565914	0.150	564552
565915	0.150	564552
565916	0.150	564552
565917	0.150	564552
565918	0.150	564552
565919	0.150	564552
565920	0.150	564552
565921	0.150	564552
565922	0.150	564552
565923	0.150	564552
565924	0.150	564552
565925	0.150	564552
565926	0.150	564552
565928	0.150	564552
565929	0.150	564552
565930	0.150	564552
565931	0.150	564552
565932	0.150	564552
565933	0.150	564552
565934	0.150	564552
565935	0.150	564552
565936	0.150	564552
565937	0.150	564552
565938	0.150	564552
565939	0.150	564552
565940	0.150	564552
565941	0.150	564552
565942	0.150	564552
565943	0.150	564552
565944	0.150	564552
565945	0.150	564552
565946	0.150	564552
565947	0.150	564552
565948	0.150	564552
565949	0.150	564552
565950	0.150	564552
565951	0.150	564552
565952	0.150	564552
565953	0.150	564552
565954	0.150	564552
565955	0.150	564552
565956	0.150	564552
565957	0.150	564552
565958	0.150	564552
565959	0.150	564552
565960	0.150	564552
565961	0.150	564552
565962	0.150	564552
565963	0.150	564552
565964	0.150	564552
565965	0.150	564552
565966	0.150	564552
565967	0.150	564552
565968	0.150	564552
565969	0.150	564552
565970	0.150	564552
565971	0.150	564552
565972	0.150	564552
565973	0.150	564552
565974	0.150	564552
565975	0.150	564552
565977	0.150	564552
565978	0.150	564552
565979	0.150	564552
565980	0.150	564552
565981	0.150	564552
565982	0.150	564552
565983	0.150	564552
565984	0.150	564552
565985	0.150	564552
565986	0.150	564552
565987	0.150	564552
565988	0.150	564552
565989	0.150	564552
565990	0.150	564552
565991	0.150	564552
565992	0.150	564552
565993	0.150	564552
565994	0.150	564552
565995	0.150	564552
565996	0.150	564552
565997	0.150	564552
565998	0.150	564552
565999	0.150	564552
566000	0.150	564552
566001	0.150	564552
566002	0.150	564552
566003	0.150	564552
566004	0.150	564552
566005	0.150	564552
566006	0.150	564552
566007	0.150	564552
566008	0.150	564552
566009	0.150	564552
566010	0.150	564552
566011	0.150	564552
566012	0.150	564552
566014	0.150	564552
566016	0.150	564552
566017	0.150	564552
566018	0.150	564552
566019	0.150	564552
566020	0.150	564552
566021	0.150	564552
566022	0.150	564552
566023	0.150	564552
566025	0.150	564552
566026	0.150	564552
566027	0.150	564552
566028	0.150	564552
566029	0.150	564552
566030	0.150	564552
566031	0.150	564552
566032	0.150	564552
566033	0.150	564552
566034	0.150	564552
566035	0.150	564552
566036	0.150	564552
566037	0.150	564552
566038	0.150	564552
566039	0.150	564552
566040	0.150	564552
566041	0.150	564552
566043	0.150	564552
566044	0.150	564552
566045	0.150	564552
566046	0.150	564552
566047	0.150	564552
566049	0.150	564552
566051	0.150	564552
566052	0.150	564552
566053	0.150	564552
566055	0.150	564552
566056	0.150	564552
566057	0.150	564552
566058	0.150	564552
566059	0.150	564552
566060	0.150	564552
566061	0.150	564552
566062	0.150	564552
566063	0.150	564552
566064	0.150	564552
566065	0.150	564552
566066	0.150	564552
566067	0.150	564552
566068	0.150	564552
566069	0.150	564552
566070	0.150	564552
566071	0.150	564552
566072	0.150	564552
566073	0.150	564552
566074	0.150	564552
566075	0.150	564552
566076	0.150	564552
566077	0.150	564552
566078	0.150	564552
566079	0.150	564552
566080	0.150	564552
566081	0.150	564552
566082	0.150	564552
566083	0.150	564552
566085	0.150	564552
566086	0.150	564552
566087	0.150	564552
566088	0.150	564552
566090	0.150	564552
566091	0.150	564552
566092	0.150	564552
566093	0.150	564552
566094	0.150	564552
566096	0.150	564552
566097	0.150	564552
566098	0.150	564552
566099	0.150	564552
566100	0.150	564552
566101	0.150	564552
566102	0.150	564552
566104	0.150	564552
566105	0.150	564552
566106	0.150	564552
566107	0.150	564552
566108	0.150	564552
566109	0.150	564552
566110	0.150	564552
566111	0.150	564552
566112	0.150	564552
566113	0.150	564552
566114	0.150	564552
57	0.150	565978,565979,564550
58	0.150	565980,565981,564550
59	0.150	565982,565983,565984,565985,565986,564550
6	0.150	565987,565988,565989,565990,565991,565992,565993,565994,564550
60	0.150	565995,564550
61	0.150	565996,564566,564550
62	0.150	565997,565998,565999,564550
63	0.150	566000,566001,566002,566003,566004,566005,566006,566007,564550
64	0.150	564550
65	0.150	564566,564550
66	0.150	564550
67	0.150	566008,566009,564566,564550
68	0.150	566010,564550
69	0.150	566011,566012,564551,566013
7	0.150	564551,566015
70	0.150	566017,564550
71	0.150	564550
72	0.150	564566,564550
73	0.150	566018,564550
74	0.150	566019,566020,566021,566022,566023,564566,564550
75	0.150	564551,566024
76	0.150	564566,564550
77	0.150	566026,566027,566028,566029,566030,566031,566032,566033,566034,564550
78	0.150	566035,566036,566037,566038,566039,566040,564566,564550
79	0.150	564550
8	0.150	566041,564551,566042
80	0.150	564551,566044,566045,566046,566047,566048
81	0.150	564551,566050
82	0.150	566052,564566,564550
83	0.150	564551,566053,566054
84	0.150	566056,566057,566058,564550
85	0.150	564550
86	0.150	566059,566060,566061,566062,564550
87	0.150	566063,566064,566065,566066,566067,566068,566069,566070,564566,564550
88	0.150	566071,566072,566073,566074,566075,566076,566077,564550
89	0.150	566078,566079,564566,564551,566080,566081,566082,566083,566084
9	0.150	566086,564550
90	0.150	564550
91	0.150	566087,564550
92	0.150	566088,564551,566089
93	0.150	566091,566092,566093,564550
94	0.150	566094,564551,566095
95	0.150	566097,566098,566099,566100,566101,566102,564566,564551,566103
96	0.150	566105,566106,566107,564550
97	0.150	566108,566109,566110,564566,564550
98	0.150	566111,566112,566113,566114,564550
99	0.150	564550
