0	1	1	564548|564549|564551	564552
1	1	1	564553|564554|564551	564552
10	1	1	564551	564552
100	1	1	564555|564556|564557|564558|564551	564552
101	1	1	564551	564552
102	1	1	564559|564560|564561|564562|564563|564564|564551	564552
103	1	1	564565|564566|564551	564552
104	1	1	564551|564567|564568|564569|564570|564571|564572|564573|564574|564576	564552
105	1	1	564566|564551	564552
106	1	1	564577|564551|564578|564580	564552
107	1	1	564581|564582|564583|564584|564585|564586|564551	564552
108	1	1	564551	564552
109	1	1	564551	564552
11	1	1	564551|564587|564588|564589|564590|564591|564592|564593|564594|564595|564597	564552
110	1	1	564551	564552
111	1	1	564598|564599|564600|564601|564602|564603|564604|564605|564606|564607|564608|564551	564552
112	1	1	564609|564610|564611|564612|564613|564614|564615|564551	564552
113	1	1	564616|564617|564551	564552
114	1	1	564618|564619|564551	564552
115	1	1	564620|564621|564566|564551	564552
116	1	1	564551	564552
117	1	1	564622|564623|564624|564566|564551	564552
118	1	1	564625|564626|564627|564551	564552
119	1	1	564628|564551	564552
12	1	1	564629|564630|564631|564566|564551	564552
120	1	1	564632|564633|564634|564551	564552
121	1	1	564551	564552
122	1	1	564635|564636|564637|564551|564638|564639|564641	564552
123	1	1	564642|564643|564566|564551	564552
124	1	1	564644|564645|564646|564551	564552
125	1	1	564551	564552
126	1	1	564566|564551	564552
127	1	1	564551	564552
128	1	1	564647|564648|564551	564552
129	1	1	564551	564552
13	1	1	564649|564551	564552
130	1	1	564551|564650|564651|564653	564552
131	1	1	564551|564654|564656	564552
132	1	1	564551	564552
133	1	1	564657|564658|564659|564660|564661|564566|564551	564552
134	1	1	564662|564663|564664|564551	564552
135	1	1	564551	564552
136	1	1	564665|564551	564552
137	1	1	564666|564667|564668|564551	564552
138	1	1	564669|564670|564671|564672|564673|564551	564552
139	1	1	564674|564551	564552
14	1	1	564566|564551|564675|564677	564552
140	1	1	564678|564679|564551	564552
141	1	1	564680|564681|564551	564552
142	1	1	564682|564551	564552
143	1	1	564551|564683|564684|564685|564687	564552
144	1	1	564688|564689|564551	564552
145	1	1	564690|564691|564692|564693|564694|564695|564696|564551	564552
146	1	1	564566|564551	564552
147	1	1	564551	564552
148	1	1	564551	564552
149	1	1	564697|564698|564566|564551	564552
15	1	1	564551	564552
150	1	1	564699|564700|564701|564702|564703|564704|564705|564566|564551	564552
151	1	1	564706|564707|564708|564566|564551	564552
152	1	1	564551|564709|564711	564552
153	1	1	564712|564713|564714|564715|564716|564551	564552
154	1	1	564551	564552
155	1	1	564717|564718|564551	564552
156	1	1	564551	564552
157	1	1	564719|564720|564721|564722|564723|564724|564725|564726|564551	564552
158	1	1	564566|564551	564552
159	1	1	564727|564728|564729|564730|564551	564552
16	1	1	564551|564731|564732|564733|564735	564552
160	1	1	564551	564552
161	1	1	564736|564737|564738|564739|564551|564741	564552
162	1	1	564551	564552
163	1	1	564551|564743	564552
164	1	1	564744|564566|564551	564552
165	1	1	564745|564746|564747|564748|564749|564750|564751|564551	564552
166	1	1	564752|564753|564754|564755|564756|564566|564551	564552
167	1	1	564757|564758|564759|564760|564761|564551	564552
168	1	1	564762|564551|564763|564765	564552
169	1	1	564551	564552
17	1	1	564766|564767|564551	564552
170	1	1	564551	564552
171	1	1	564768|564769|564551	564552
172	1	1	564770|564771|564551|564773	564552
173	1	1	564774|564775|564776|564777|564566|564551|564778|564780	564552
174	1	1	564781|564782|564783|564784|564785|564551	564552
175	1	1	564786|564787|564788|564789|564551	564552
176	1	1	564790|564791|564551	564552
177	1	1	564792|564793|564551	564552
178	1	1	564566|564551	564552
179	1	1	564794|564795|564796|564797|564798|564799|564800|564551	564552
18	1	1	564551	564552
180	1	1	564801|564802|564803|564804|564805|564551	564552
181	1	1	564806|564807|564808|564566|564551	564552
182	1	1	564809|564810|564811|564551	564552
183	1	1	564812|564813|564814|564815|564816|564551	564552
184	1	1	564551	564552
185	1	1	564817|564818|564819|564820|564821|564822|564566|564551	564552
186	1	1	564823|564566|564551	564552
187	1	1	564566|564551	564552
188	1	1	564551	564552
189	1	1	564551|564824|564825|564826|564827|564828|564829|564830|564831|564833	564552
19	1	1	564834|564835|564551|564836|564837|564839	564552
190	1	1	564840|564841|564842|564566|564551	564552
191	1	1	564843|564844|564551	564552
192	1	1	564845|564551	564552
193	1	1	564846|564566|564551	564552
194	1	1	564566|564551	564552
195	1	1	564847|564848|564849|564850|564566|564551	564552
196	1	1	564551	564552
197	1	1	564551|564851|564852|564853|564854|564855|564856|564857|564858|564859|564861	564552
198	1	1	564551|564862|564863|564864|564866	564552
199	1	1	564566|564551|564867|564868|564869|564870|564871|564872|564874	564552
2	1	1	564875|564551	564552
20	1	1	564876|564877|564878|564551	564552
200	1	1	564551	564552
201	1	1	564566|564551	564552
202	1	1	564551|564880	564552
203	1	1	564881|564551|564883	564552
204	1	1	564566|564551	564552
205	1	1	564884|564885|564886|564887|564888|564889|564551	564552
206	1	1	564551|564890|564891|564893	564552
207	1	1	564551|564894|564895|564896|564897|564898|564899|564901	564552
208	1	1	564902|564551	564552
209	1	1	564566|564551|564903|564904|564905|564906|564907|564909	564552
21	1	1	564551	564552
210	1	1	564910|564911|564912|564913|564551	564552
211	1	1	564566|564551	564552
212	1	1	564551|564914|564915|564917	564552
213	1	1	564918|564919|564920|564921|564922|564923|564551	564552
214	1	1	564924|564551	564552
215	1	1	564925|564926|564551	564552
216	1	1	564927|564928|564551	564552
217	1	1	564551	564552
218	1	1	564929|564930|564931|564932|564566|564551	564552
219	1	1	564551	564552
22	1	1	564933|564934|564935|564936|564551	564552
220	1	1	564551	564552
221	1	1	564566|564551	564552
222	1	1	564937|564551	564552
223	1	1	564938|564551	564552
224	1	1	564939|564940|564941|564942|564943|564551	564552
225	1	1	564944|564945|564946|564947|564551	564552
226	1	1	564948|564949|564566|564551	564552
227	1	1	564566|564551	564552
228	1	1	564950|564551	564552
229	1	1	564951|564952|564953|564954|564551	564552
23	1	1	564551	564552
230	1	1	564955|564956|564957|564958|564959|564960|564566|564551	564552
231	1	1	564961|564962|564551	564552
232	1	1	564963|564964|564566|564551	564552
233	1	1	564965|564966|564967|564968|564969|564970|564551	564552
234	1	1	564971|564972|564973|564974|564551	564552
235	1	1	564551	564552
236	1	1	564551	564552
237	1	1	564975|564976|564977|564551	564552
238	1	1	564978|564551	564552
239	1	1	564979|564980|564551	564552
24	1	1	564981|564566|564551	564552
240	1	1	564982|564566|564551	564552
241	1	1	564983|564984|564551	564552
242	1	1	564985|564986|564987|564988|564551	564552
243	1	1	564989|564990|564991|564992|564993|564994|564551	564552
244	1	1	564995|564996|564997|564551	564552
245	1	1	564998|564999|565000|565001|565002|565003|565004|565005|564551	564552
246	1	1	565006|564551	564552
247	1	1	564566|564551	564552
248	1	1	565007|565008|565009|565010|564551	564552
249	1	1	565011|565012|565013|565014|564551	564552
25	1	1	564566|564551	564552
250	1	1	565015|564551	564552
251	1	1	564551	564552
252	1	1	565016|565017|565018|565019|565020|564551	564552
253	1	1	565021|564551	564552
254	1	1	564551|565022|565023|565024|565026	564552
255	1	1	565027|565028|565029|565030|565031|565032|565033|565034|565035|565036|565037|565038|565039|565040|564551	564552
256	1	1	564551|565041|565042|565043|565045	564552
257	1	1	565046|565047|565048|564566|564551	564552
258	1	1	565049|565050|565051|565052|565053|564551	564552
259	1	1	565054|565055|565056|564566|564551	564552
26	1	1	565057|565058|565059|565060|564551	564552
260	1	1	565061|565062|564551	564552
261	1	1	565063|565064|565065|565066|565067|564551	564552
262	1	1	565068|565069|565070|564566|564551	564552
263	1	1	565071|564551	564552
264	1	1	565072|565073|565074|564551	564552
265	1	1	565075|564551	564552
266	1	1	565076|565077|564551	564552
267	1	1	565078|565079|565080|565081|565082|564566|564551	564552
268	1	1	565083|564566|564551	564552
269	1	1	564551	564552
27	1	1	565084|565085|564551|565086|565088	564552
270	1	1	565089|565090|565091|565092|565093|564566|564551|565095	564552
271	1	1	565096|565097|565098|565099|565100|565101|565102|564566|564551|565103|565105	564552
272	1	1	565106|564551	564552
273	1	1	564551	564552
274	1	1	565107|565108|564551	564552
275	1	1	565109|565110|565111|564551	564552
276	1	1	564551|565112|565113|565114|565115|565117	564552
277	1	1	565118|564551	564552
278	1	1	565119|565120|565121|564551	564552
279	1	1	565122|565123|564551	564552
28	1	1	565124|565125|565126|565127|565128|564551	564552
280	1	1	565129|565130|565131|565132|565133|565134|564566|564551	564552
281	1	1	565135|564551	564552
282	1	1	564566|564551	564552
283	1	1	564551	564552
284	1	1	564551|565136|565137|565139	564552
285	1	1	565140|565141|565142|565143|565144|565145|564566|564551	564552
286	1	1	565146|565147|565148|565149|564551	564552
287	1	1	565150|565151|564551	564552
288	1	1	565152|565153|564566|564551	564552
289	1	1	565154|565155|565156|565157|565158|565159|565160|565161|564566|564551	564552
29	1	1	565162|565163|564551	564552
290	1	1	564551|565164|565166	564552
291	1	1	565167|565168|565169|565170|564551	564552
292	1	1	565171|564551	564552
293	1	1	564566|564551|565172|565173|565175	564552
294	1	1	565176|565177|564551	564552
295	1	1	564551|565178|565179|565180|565182	564552
296	1	1	565183|565184|565185|565186|564551	564552
297	1	1	564551	564552
298	1	1	564551	564552
299	1	1	565187|565188|565189|564551	564552
3	1	1	565190|565191|564551	564552
30	1	1	564566|564551|565192|565194	564552
300	1	1	565195|565196|565197|564551	564552
301	1	1	565198|565199|565200|565201|565202|564566|564551	564552
302	1	1	565203|565204|565205|565206|565207|564551	564552
303	1	1	565208|565209|564551	564552
304	1	1	564551	564552
305	1	1	564551	564552
306	1	1	564551	564552
307	1	1	565210|565211|564551|565213	564552
308	1	1	565214|565215|565216|565217|565218|564551	564552
309	1	1	565219|565220|565221|564566|564551	564552
31	1	1	565222|565223|565224|565225|565226|564551	564552
310	1	1	565227|564551	564552
311	1	1	564551	564552
312	1	1	565228|565229|564551	564552
313	1	1	564566|564551	564552
314	1	1	564551	564552
315	1	1	565230|565231|564566|564551	564552
316	1	1	565232|565233|564551	564552
317	1	1	564551|565234|565236	564552
318	1	1	564551	564552
319	1	1	565237|565238|564551	564552
32	1	1	565239|564551	564552
320	1	1	564551|565240|565241|565242|565243|565244|565246	564552
321	1	1	565247|565248|565249|564551	564552
322	1	1	565250|564551	564552
323	1	1	564566|564551	564552
324	1	1	565251|565252|565253|565254|565255|564551|565256|565257|565258|565260	564552
325	1	1	564566|564551|565261|565262|565263|565265	564552
326	1	1	565266|565267|564551	564552
327	1	1	565268|565269|564551	564552
328	1	1	564551	564552
329	1	1	564551	564552
33	1	1	565270|565271|565272|565273|565274|565275|565276|565277|564551	564552
330	1	1	564566|564551	564552
331	1	1	564551	564552
332	1	1	565278|565279|565280|564551	564552
333	1	1	564551	564552
334	1	1	565281|564551	564552
335	1	1	565282|565283|565284|564551	564552
336	1	1	565285|565286|565287|565288|565289|565290|564551	564552
337	1	1	564551|565292	564552
338	1	1	565293|565294|564551	564552
339	1	1	565295|565296|565297|564551	564552
34	1	1	565298|565299|565300|564566|564551	564552
340	1	1	564551|565301|565302|565303|565304|565306	564552
341	1	1	565307|564566|564551	564552
342	1	1	564551	564552
343	1	1	565308|565309|564551	564552
344	1	1	565310|565311|565312|564551	564552
345	1	1	564551|565313|565315	564552
346	1	1	564551|565316|565317|565318|565320	564552
347	1	1	564566|564551	564552
348	1	1	565321|565322|565323|565324|564551	564552
349	1	1	565325|565326|564551|565328	564552
35	1	1	565329|565330|565331|564551	564552
350	1	1	565332|565333|565334|565335|564551	564552
351	1	1	565336|564551	564552
352	1	1	565337|565338|564551	564552
353	1	1	565339|564551	564552
354	1	1	564566|564551	564552
355	1	1	564566|564551|565340|565341|565343	564552
356	1	1	565344|565345|565346|565347|565348|565349|564551	564552
357	1	1	565350|565351|565352|565353|564551	564552
358	1	1	565354|565355|565356|565357|565358|564566|564551	564552
359	1	1	565359|565360|565361|565362|564566|564551	564552
36	1	1	565363|565364|565365|564551	564552
360	1	1	565366|565367|565368|565369|565370|565371|565372|565373|565374|564551	564552
361	1	1	564566|564551	564552
362	1	1	564551|565375|565377	564552
363	1	1	565378|565379|564551	564552
364	1	1	565380|565381|564566|564551	564552
365	1	1	565382|565383|565384|565385|564566|564551	564552
366	1	1	565386|565387|565388|565389|565390|565391|565392|565393|565394|564551	564552
367	1	1	565395|565396|564551	564552
368	1	1	565397|565398|564551|565400	564552
369	1	1	564566|564551	564552
37	1	1	564566|564551	564552
370	1	1	564551	564552
371	1	1	565401|565402|564551	564552
372	1	1	565403|565404|565405|565406|565407|564551	564552
373	1	1	565408|564551	564552
374	1	1	564551|565409|565411	564552
375	1	1	565412|565413|564566|564551	564552
376	1	1	564551|565414|565415|565416|565417|565419	564552
377	1	1	564551	564552
378	1	1	565420|565421|565422|565423|564551	564552
379	1	1	565424|565425|565426|564551|565428	564552
38	1	1	565429|565430|564551	564552
380	1	1	565431|565432|565433|565434|565435|565436|564551	564552
381	1	1	564551	564552
382	1	1	565437|565438|565439|565440|564566|564551	564552
383	1	1	565441|565442|565443|565444|564551	564552
384	1	1	564551	564552
385	1	1	565445|565446|564551	564552
386	1	1	565447|565448|565449|565450|564551	564552
387	1	1	565451|564551	564552
388	1	1	565452|565453|565454|565455|565456|564551	564552
389	1	1	565457|565458|564551	564552
39	1	1	565459|565460|565461|565462|565463|564566|564551	564552
390	1	1	564551	564552
391	1	1	565464|565465|565466|564551	564552
392	1	1	565467|565468|565469|565470|565471|565472|565473|564551|565475	564552
393	1	1	565476|565477|565478|565479|564551	564552
394	1	1	564551	564552
395	1	1	565480|565481|564551	564552
396	1	1	564551	564552
397	1	1	565482|565483|565484|564551	564552
398	1	1	564551	564552
399	1	1	565485|565486|565487|564551	564552
4	1	1	565488|564551	564552
40	1	1	564566|564551	564552
400	1	1	565489|564551	564552
401	1	1	564551	564552
402	1	1	565490|565491|565492|564551	564552
403	1	1	565493|565494|564551|565495|565497	564552
404	1	1	565498|565499|565500|564551	564552
405	1	1	565501|565502|565503|565504|564566|564551	564552
406	1	1	565505|565506|565507|564551	564552
407	1	1	564551|565508|565509|565510|565511|565512|565513|565515	564552
408	1	1	565516|565517|565518|564551	564552
409	1	1	565519|565520|564551	564552
41	1	1	564551	564552
410	1	1	565521|565522|565523|565524|564551	564552
411	1	1	565525|565526|565527|564551	564552
412	1	1	565528|565529|565530|564551	564552
413	1	1	565531|565532|565533|565455|564551	564552
414	1	1	565534|565535|565536|564551	564552
415	1	1	565537|565538|565539|565540|565541|565542|565543|565544|565545|564551	564552
416	1	1	564551	564552
417	1	1	564551|565546|565547|565548|565550	564552
418	1	1	565551|565552|565553|565554|564551	564552
419	1	1	565555|565556|565557|564551	564552
42	1	1	565558|565559|565560|565561|564551	564552
420	1	1	565562|564566|564551	564552
421	1	1	565563|565564|565565|564551	564552
422	1	1	565566|565567|564551	564552
423	1	1	564551	564552
424	1	1	565568|564551	564552
425	1	1	565569|565570|564551	564552
426	1	1	565571|565572|564551	564552
427	1	1	564551	564552
428	1	1	565573|565574|565575|565576|565577|565578|564566|564551	564552
429	1	1	565579|564566|564551	564552
43	1	1	565580|565581|565582|565583|565584|564551	564552
430	1	1	565585|565586|565587|565588|565589|565590|565591|565592|564551	564552
431	1	1	564566|564551|565594	564552
432	1	1	564551	564552
433	1	1	565595|565596|565597|565598|564566|564551	564552
434	1	1	565599|565600|565601|564551	564552
435	1	1	564551	564552
436	1	1	565602|565603|565604|565605|565606|565607|565608|564551	564552
437	1	1	565609|565610|564551|565612	564552
438	1	1	564566|564551	564552
439	1	1	565613|565614|564551	564552
44	1	1	565615|564551	564552
440	1	1	564551	564552
441	1	1	564551	564552
442	1	1	565616|564551	564552
443	1	1	565617|565618|565619|565620|565621|564551	564552
444	1	1	564551	564552
445	1	1	564566|564551|565622|565623|565624|565625|565626|565627|565628|565629|565630|565632	564552
446	1	1	564551	564552
447	1	1	564566|564551	564552
448	1	1	565633|565634|565635|565636|565637|564551	564552
449	1	1	564566|564551	564552
45	1	1	565638|565639|565640|564551	564552
450	1	1	564566|564551|565641|565642|565643|565644|565646	564552
451	1	1	565647|565648|565649|564551	564552
452	1	1	565650|565651|565652|565653|565654|564566|564551	564552
453	1	1	564551	564552
454	1	1	565655|564551	564552
455	1	1	565656|565657|565658|565659|564551	564552
456	1	1	564551	564552
457	1	1	565660|565661|565662|564551	564552
458	1	1	564566|564551|565663|565664|565665|565666|565667|565668|565670	564552
459	1	1	565671|565672|564551|565674	564552
46	1	1	565675|565676|565677|564551	564552
460	1	1	565678|565679|565680|564551	564552
461	1	1	564551	564552
462	1	1	564551|565681|565683	564552
463	1	1	565684|564566|564551	564552
464	1	1	565685|565686|565687|564551	564552
465	1	1	565688|565689|564551	564552
466	1	1	565690|565691|565692|565693|565694|564551|565696	564552
467	1	1	565697|565698|565699|565700|565701|565702|564566|564551	564552
468	1	1	565703|565704|565705|564551	564552
469	1	1	565706|565707|565708|564551	564552
47	1	1	565709|565710|565711|565712|564551	564552
470	1	1	565713|565714|565715|565716|565717|565718|564551	564552
471	1	1	565719|564551	564552
472	1	1	565720|564566|564551	564552
473	1	1	564566|564551|565722	564552
474	1	1	565723|565724|565725|565726|564551	564552
475	1	1	565727|565728|564551	564552
476	1	1	564566|564551	564552
477	1	1	565729|564551	564552
478	1	1	565730|564551	564552
479	1	1	564551	564552
48	1	1	564566|564551	564552
480	1	1	565731|565732|565733|565734|564551	564552
481	1	1	565735|565736|565737|565738|565739|565740|565741|564551	564552
482	1	1	565742|565743|565744|565745|565746|565747|564551	564552
483	1	1	565748|565749|564551	564552
484	1	1	565750|565751|565752|565753|564551	564552
485	1	1	564551	564552
486	1	1	564551	564552
487	1	1	565754|564551	564552
488	1	1	565755|565756|565757|564551	564552
489	1	1	564566|564551	564552
49	1	1	565758|564551	564552
490	1	1	565759|565760|564551	564552
491	1	1	564551	564552
492	1	1	565761|564551	564552
493	1	1	565762|565763|565764|564551	564552
494	1	1	565765|564551	564552
495	1	1	565766|564551	564552
496	1	1	565767|564551	564552
497	1	1	564551	564552
498	1	1	565768|565769|565118|565770|565771|565772|565773|565774|564551	564552
499	1	1	564551|565775|565777	564552
5	1	1	564551|565778|565779|565780|565781|565782|565783|565784|565785|565786|565787|565788|565790	564552
50	1	1	564551|565791|565793	564552
500	1	1	565794|565795|565796|564551	564552
501	1	1	565797|564551	564552
502	1	1	565798|564551	564552
503	1	1	564551	564552
504	1	1	564551|565799|565801	564552
505	1	1	565802|565803|564551	564552
506	1	1	564566|564551	564552
507	1	1	565804|565805|564551	564552
508	1	1	565806|564551	564552
509	1	1	564551	564552
51	1	1	565807|565808|565809|565810|565811|564551	564552
510	1	1	565812|565813|564566|564551	564552
511	1	1	564566|564551	564552
512	1	1	564566|564551|565814|565816	564552
513	1	1	565817|565818|565819|564551	564552
514	1	1	565820|565821|565822|565823|565824|564551	564552
515	1	1	565825|564551|565826|565827|565828|565829|565831	564552
516	1	1	565832|565833|565834|565835|564551	564552
517	1	1	565836|564551	564552
518	1	1	565837|565838|564551	564552
519	1	1	565839|565840|565841|565842|565843|564551	564552
52	1	1	565844|565845|564551	564552
520	1	1	564551	564552
521	1	1	564551	564552
522	1	1	565846|565847|565848|565849|564566|564551	564552
523	1	1	564551|565850|565851|565852|565853|565855	564552
524	1	1	565856|565857|564551	564552
525	1	1	565858|564551	564552
526	1	1	565859|565860|565861|565862|564551	564552
527	1	1	564566|564551	564552
528	1	1	565863|564551	564552
529	1	1	564551|565864|565865|565866|565867|565869	564552
53	1	1	565870|565871|565872|564551	564552
530	1	1	565873|565874|564551	564552
531	1	1	565875|564551	564552
532	1	1	565876|565877|565878|565879|565880|565881|565882|565883|565884|565885|565886|565887|564551	564552
533	1	1	565888|564566|564551	564552
534	1	1	565889|565890|565891|564566|564551|565892|565894	564552
535	1	1	565895|564551	564552
536	1	1	565896|565897|565898|564551	564552
537	1	1	565899|564551	564552
538	1	1	565900|565901|565902|565903|565904|564551	564552
539	1	1	565905|565906|564551	564552
54	1	1	565907|565908|565909|565910|564551	564552
540	1	1	565911|565912|565913|565914|564551	564552
541	1	1	564551	564552
542	1	1	565915|565916|564551	564552
543	1	1	565917|565918|565919|565920|565921|565922|564551	564552
544	1	1	564566|564551	564552
545	1	1	564566|564551	564552
546	1	1	564566|564551	564552
547	1	1	564551	564552
548	1	1	565923|565924|564566|564551|565925|565926|565928	564552
549	1	1	564551	564552
55	1	1	565929|565930|564566|564551	564552
550	1	1	565931|565932|565933|564566|564551	564552
551	1	1	565934|565935|565936|564551	564552
552	1	1	565937|565938|564551	564552
553	1	1	565939|565940|565941|564551	564552
554	1	1	565942|565943|565944|565945|565946|565947|564551	564552
555	1	1	564983|565948|565949|565950|565951|564566|564551	564552
556	1	1	565952|565953|565954|565955|565956|565957|564551	564552
557	1	1	565958|565959|564551	564552
558	1	1	565960|564551	564552
559	1	1	564566|564551	564552
56	1	1	565961|565962|565963|565964|565965|564551	564552
560	1	1	564551	564552
561	1	1	565966|565967|565968|565969|565970|565971|565972|564566|564551	564552
562	1	1	565973|565974|564551	564552
563	1	1	565975|564551	564552
564	1	1	564551|565977	564552
564548	1	1	566115	566377
564549	1	1	566115	566377
564551	1	1	566115	566619|566620|566621|566622|566623|566624|566493|566625|566494|566626|566627|566628|566629|566630|566631|566632|566633|566634|566635|566495|566636|566496|566637|566638|566497|566639|566640|566641|566498|566642|566643|566499|566644|566645|566646|566647|566648|566649|566650|566500|566651|566652|566653|566654|566655|566656|566501|566657|566658|566659|566660|566661|566662|566502|566663|566664|566503|566665|566504|566505|566666|566667|566668|566669|566670|566671|566506|566672|566673|566674|566675|566676|566677|566507|566678|566508|566679|566680|566681|566682|566683|566684|566685|566509|566686|566687|566688|566689|566510|566690|566691|566692|566511|566693|566694|566695|566512|566513|566514|566696|566697|566698|566515|566699|566700|566516|566517|566518|566701|566702|566703|566519|566704|566705|566706|566520|566707|566708|566521|566709|566710|566711|566712|566522|566713|566714|566523|566715|566716|566717|566718|566719|566720|566524|566721|566722|566723|566525|566724|566725|566726|566727|566526|566527|566728|566729|566730|566528|566731|566529|566732|566733|566734|566735|566736|566737|566738|566530|566531|566137|566739|566740|566741|566742|566743|566532|566744|566745|566533|566746|566747|566748|566749|566750|566751|566752|566534|566753|566535|566754|566755|566756|566536|566757|566758|566759|566760|566537|566538|566761|566762|566539|566540|566763|566764|566765|566766|566767|566156|566768|566769|566770|566541|566771|566542|566772|566773|566543|566774|566775|566544|566545|566776|566777|566778|566779|566546|566780|566781|566782|566783|566784|566785|566786|566547|566787|566548|566788|566789|566790|566791|566792|566793|566794|566549|566795|566796|566797|566798|566550|566799|566551|566800|566801|566802|566803|566804|566805|566806|566807|566552|566808|566553|566809|566810|566811|566812|566813|566554|566814|566815|566816|566817|566818|566819|566820|566821|566822|566555|566823|566556|566824|566825|566826|566827|566828|566557|566829|566830|566831|566832|566833|566834|566835|566558|566559|566836|566837|566560|566561|566838|566839|566562|566840|566841|566563|566564|566842|566843|566844|566565|566566|566845|566846|566847|566848|566849|566567|566850|566851|566852|566853|566854|566855|566856|566568|566857|566858|566859|566860|566861|566326|566862|566569|566863|566864|566865|566866|566867|566868|566869|566870|566871|566872|566873|566570|566874|566875|566876|566877|566878|566571|566879|566880|566881|566882|566883|566884|566885|566886|566887|566888|566889|566890|566891|566892|566893|566894|566572|566895|566896|566897|566898|566899|566900|566901|566573|566574|566902|566903|566575|566904|566576|566905|566906|566907|566908|566577|566909|566910|566911|566912|566913|566914|566915|566578|566916|566579|566917|566580|566918|566581|566919|566582|566920|566921|566922|566923|566924|566583|566925|566926|566927|566928|566929|566584|566930|566931|566932|566585|566933|566934|566935|566936|566937|566586|566587|566938|566939|566588|566940|566941|566942|566589|566943|566944|566945|566946|566947|566948|566949|566950|566951|566590|566952|566953|566954|566955|566956|566957|566958|566959|566960|566961|566962|566963|566964|566965|566966|566967|566968|566969|566970|566591|566971|566972|566973|566974|566592|566593|566594|566975|566976|566977|566978|566979|566980|566981|566982|566983|566984|566595|566985|566986|566987|566988|566596|566989|566990|566991|566992|566993|566994|566597|566598|566995|566996|566997|566998|566999|567000|567001|567002|567003|567004|566599|566600|566601|567005|566602|567006|566603|566604|567007|567008|567009|567010|566605|567011|567012|567013|566606|567014|567015|566607|567016|567017|567018|567019|567020|567021|567022|567023|566608|567024|567025|567026|566609|567027|566610|567028|567029|567030|567031|567032|566611|567033|566612|567034|566613|567035|566614|567036|567037|567038|567039|566615|567040|567041|567042|567043|566616|567044|566617|567045|567046|567047|567048|567049|567050|566618|567051|567052|567053|567054
564553	1	1	566115	566317
564554	1	1	566115	566317
564555	1	1	566115	566323
564556	1	1	566115	566323
564557	1	1	566115	566323
564558	1	1	566115	566323
564559	1	1	566115	566268
564560	1	1	566115	566268
564561	1	1	566115	566268
564562	1	1	566115	566268
564563	1	1	566115	566268
564564	1	1	566115	566268
564565	1	1	566115	566387
564566	1	1	566115	566493|566494|566495|566496|566497|566498|566499|566500|566501|566502|566503|566504|566505|566506|566507|566508|566509|566510|566511|566512|566513|566514|566515|566516|566517|566518|566519|566520|566521|566522|566523|566524|566525|566526|566527|566528|566529|566530|566531|566532|566533|566534|566535|566536|566537|566538|566539|566540|566541|566542|566543|566544|566545|566546|566547|566548|566549|566550|566551|566552|566553|566554|566555|566556|566557|566558|566559|566560|566561|566562|566563|566564|566565|566566|566567|566568|566569|566570|566571|566572|566573|566574|566575|566576|566577|566578|566579|566580|566581|566582|566583|566584|566585|566586|566587|566588|566589|566590|566591|566592|566593|566594|566595|566596|566597|566598|566599|566600|566601|566602|566603|566604|566605|566606|566607|566608|566609|566610|566611|566612|566613|566614|566615|566616|566617|566618|566216
564567	1	1	566115	567078
564568	1	1	566115	567078
564569	1	1	566115	567078
564570	1	1	566115	567078
564571	1	1	566115	567078
564572	1	1	566115	567078
564573	1	1	566115	567078
564574	1	1	566115	567078
564576	1	1	566115	567078
564577	1	1	566115	566154
564578	1	1	566115	566154
564580	1	1	566115	566154
564581	1	1	566115	566289
564582	1	1	566115	566289
564583	1	1	566115	566289
564584	1	1	566115	566289
564585	1	1	566115	566289
564586	1	1	566115	566289
564587	1	1	566115	567089
564588	1	1	566115	567089
564589	1	1	566115	567089
564590	1	1	566115	567089
564591	1	1	566115	567089
564592	1	1	566115	567089
564593	1	1	566115	567089
564594	1	1	566115	567089
564595	1	1	566115	567089
564597	1	1	566115	567089
564598	1	1	566115	566205
564599	1	1	566115	566205
564600	1	1	566115	566205
564601	1	1	566115	566205
564602	1	1	566115	566205
564603	1	1	566115	566205
564604	1	1	566115	566205
564605	1	1	566115	566205
564606	1	1	566115	566205
564607	1	1	566115	566205
564608	1	1	566115	566205
564609	1	1	566115	566130
564610	1	1	566115	566130
564611	1	1	566115	566130
564612	1	1	566115	566130
564613	1	1	566115	566130
564614	1	1	566115	566130
564615	1	1	566115	566130
564616	1	1	566115	566244
564617	1	1	566115	566244
564618	1	1	566115	566248
564619	1	1	566115	566248
564620	1	1	566115	566403
564621	1	1	566115	566403
564622	1	1	566115	566145
564623	1	1	566115	566145
564624	1	1	566115	566145
564625	1	1	566115	566437
564626	1	1	566115	566437
564627	1	1	566115	566437
564628	1	1	566115	566243
564629	1	1	566115	566386
564630	1	1	566115	566386
564631	1	1	566115	566386
564632	1	1	566115	566188
564633	1	1	566115	566188
564634	1	1	566115	566188
564635	1	1	566115	566175
564636	1	1	566115	566175
564637	1	1	566115	566175
564638	1	1	566115	566175
564639	1	1	566115	566175
564641	1	1	566115	566175
564642	1	1	566115	566338
564643	1	1	566115	566338
564644	1	1	566115	566337
564645	1	1	566115	566337
564646	1	1	566115	566337
564647	1	1	566115	566378
564648	1	1	566115	566378
564649	1	1	566115	566449
564650	1	1	566115	567108
564651	1	1	566115	567108
564653	1	1	566115	567108
564654	1	1	566115	567097
564656	1	1	566115	567097
564657	1	1	566115	566285
564658	1	1	566115	566285
564659	1	1	566115	566285
564660	1	1	566115	566285
564661	1	1	566115	566285
564662	1	1	566115	566401
564663	1	1	566115	566401
564664	1	1	566115	566401
564665	1	1	566115	566457
564666	1	1	566115	566124
564667	1	1	566115	566124
564668	1	1	566115	566124
564669	1	1	566115	566217
564670	1	1	566115	566217
564671	1	1	566115	566217
564672	1	1	566115	566217
564673	1	1	566115	566217
564674	1	1	566115	566144
564675	1	1	566115	567076
564677	1	1	566115	567076
564678	1	1	566115	566237
564679	1	1	566115	566237
564680	1	1	566115	566413
564681	1	1	566115	566413
564682	1	1	566115	566396
564683	1	1	566115	567088
564684	1	1	566115	567088
564685	1	1	566115	567088
564687	1	1	566115	567088
564688	1	1	566115	566253
564689	1	1	566115	566253
564690	1	1	566115	566306
564691	1	1	566115	566306
564692	1	1	566115	566306
564693	1	1	566115	566306
564694	1	1	566115	566306
564695	1	1	566115	566306
564696	1	1	566115	566306
564697	1	1	566115	566295
564698	1	1	566115	566295
564699	1	1	566115	566200
564700	1	1	566115	566200
564701	1	1	566115	566200
564702	1	1	566115	566200
564703	1	1	566115	566200
564704	1	1	566115	566200
564705	1	1	566115	566200
564706	1	1	566115	566445
564707	1	1	566115	566445
564708	1	1	566115	566445
564709	1	1	566115	567102
564711	1	1	566115	567102
564712	1	1	566115	566446
564713	1	1	566115	566446
564714	1	1	566115	566446
564715	1	1	566115	566446
564716	1	1	566115	566446
564717	1	1	566115	566479
564718	1	1	566115	566479
564719	1	1	566115	566178
564720	1	1	566115	566178
564721	1	1	566115	566178
564722	1	1	566115	566178
564723	1	1	566115	566178
564724	1	1	566115	566178
564725	1	1	566115	566178
564726	1	1	566115	566178
564727	1	1	566115	566354
564728	1	1	566115	566354
564729	1	1	566115	566354
564730	1	1	566115	566354
564731	1	1	566115	567065
564732	1	1	566115	567065
564733	1	1	566115	567065
564735	1	1	566115	567065
564736	1	1	566115	566258
564737	1	1	566115	566258
564738	1	1	566115	566258
564739	1	1	566115	566258
564741	1	1	566115	566258
564743	1	1	566115	567110
564744	1	1	566115	566370
564745	1	1	566115	566218
564746	1	1	566115	566218
564747	1	1	566115	566218
564748	1	1	566115	566218
564749	1	1	566115	566218
564750	1	1	566115	566218
564751	1	1	566115	566218
564752	1	1	566115	566227
564753	1	1	566115	566227
564754	1	1	566115	566227
564755	1	1	566115	566227
564756	1	1	566115	566227
564757	1	1	566115	566152
564758	1	1	566115	566152
564759	1	1	566115	566152
564760	1	1	566115	566152
564761	1	1	566115	566152
564762	1	1	566115	566490
564763	1	1	566115	566490
564765	1	1	566115	566490
564766	1	1	566115	566292
564767	1	1	566115	566292
564768	1	1	566115	566213
564769	1	1	566115	566213
564770	1	1	566115	566180
564771	1	1	566115	566180
564773	1	1	566115	566180
564774	1	1	566115	566153
564775	1	1	566115	566153
564776	1	1	566115	566153
564777	1	1	566115	566153
564778	1	1	566115	566153
564780	1	1	566115	566153
564781	1	1	566115	566382
564782	1	1	566115	566382
564783	1	1	566115	566382
564784	1	1	566115	566382
564785	1	1	566115	566382
564786	1	1	566115	566302
564787	1	1	566115	566302
564788	1	1	566115	566302
564789	1	1	566115	566302
564790	1	1	566115	566229
564791	1	1	566115	566229
564792	1	1	566115	566319
564793	1	1	566115	566319
564794	1	1	566115	566118
564795	1	1	566115	566118
564796	1	1	566115	566118
564797	1	1	566115	566118
564798	1	1	566115	566118
564799	1	1	566115	566118
564800	1	1	566115	566118
564801	1	1	566115	566425
564802	1	1	566115	566425
564803	1	1	566115	566425
564804	1	1	566115	566425
564805	1	1	566115	566425
564806	1	1	566115	566448
564807	1	1	566115	566448
564808	1	1	566115	566448
564809	1	1	566115	566376
564810	1	1	566115	566376
564811	1	1	566115	566376
564812	1	1	566115	566133
564813	1	1	566115	566133
564814	1	1	566115	566133
564815	1	1	566115	566133
564816	1	1	566115	566133
564817	1	1	566115	566211
564818	1	1	566115	566211
564819	1	1	566115	566211
564820	1	1	566115	566211
564821	1	1	566115	566211
564822	1	1	566115	566211
564823	1	1	566115	566297
564824	1	1	566115	567074
564825	1	1	566115	567074
564826	1	1	566115	567074
564827	1	1	566115	567074
564828	1	1	566115	567074
564829	1	1	566115	567074
564830	1	1	566115	567074
564831	1	1	566115	567074
564833	1	1	566115	567074
564834	1	1	566115	566149
564835	1	1	566115	566149
564836	1	1	566115	566149
564837	1	1	566115	566149
564839	1	1	566115	566149
564840	1	1	566115	566288
564841	1	1	566115	566288
564842	1	1	566115	566288
564843	1	1	566115	566241
564844	1	1	566115	566241
564845	1	1	566115	566324
564846	1	1	566115	566476
564847	1	1	566115	566174
564848	1	1	566115	566174
564849	1	1	566115	566174
564850	1	1	566115	566174
564851	1	1	566115	567082
564852	1	1	566115	567082
564853	1	1	566115	567082
564854	1	1	566115	567082
564855	1	1	566115	567082
564856	1	1	566115	567082
564857	1	1	566115	567082
564858	1	1	566115	567082
564859	1	1	566115	567082
564861	1	1	566115	567082
564862	1	1	566115	567103
564863	1	1	566115	567103
564864	1	1	566115	567103
564866	1	1	566115	567103
564867	1	1	566115	567080
564868	1	1	566115	567080
564869	1	1	566115	567080
564870	1	1	566115	567080
564871	1	1	566115	567080
564872	1	1	566115	567080
564874	1	1	566115	567080
564875	1	1	566115	566391
564876	1	1	566115	566212
564877	1	1	566115	566212
564878	1	1	566115	566212
564880	1	1	566115	567083
564881	1	1	566115	566171
564883	1	1	566115	566171
564884	1	1	566115	566308
564885	1	1	566115	566308
564886	1	1	566115	566308
564887	1	1	566115	566308
564888	1	1	566115	566308
564889	1	1	566115	566308
564890	1	1	566115	567104
564891	1	1	566115	567104
564893	1	1	566115	567104
564894	1	1	566115	567068
564895	1	1	566115	567068
564896	1	1	566115	567068
564897	1	1	566115	567068
564898	1	1	566115	567068
564899	1	1	566115	567068
564901	1	1	566115	567068
564902	1	1	566115	566492
564903	1	1	566115	567059
564904	1	1	566115	567059
564905	1	1	566115	567059
564906	1	1	566115	567059
564907	1	1	566115	567059
564909	1	1	566115	567059
564910	1	1	566115	566309
564911	1	1	566115	566309
564912	1	1	566115	566309
564913	1	1	566115	566309
564914	1	1	566115	567096
564915	1	1	566115	567096
564917	1	1	566115	567096
564918	1	1	566115	566257
564919	1	1	566115	566257
564920	1	1	566115	566257
564921	1	1	566115	566257
564922	1	1	566115	566257
564923	1	1	566115	566257
564924	1	1	566115	566279
564925	1	1	566115	566158
564926	1	1	566115	566158
564927	1	1	566115	566409
564928	1	1	566115	566409
564929	1	1	566115	566427
564930	1	1	566115	566427
564931	1	1	566115	566427
564932	1	1	566115	566427
564933	1	1	566115	566320
564934	1	1	566115	566320
564935	1	1	566115	566320
564936	1	1	566115	566320
564937	1	1	566115	566329
564938	1	1	566115	566434
564939	1	1	566115	566436
564940	1	1	566115	566436
564941	1	1	566115	566436
564942	1	1	566115	566436
564943	1	1	566115	566436
564944	1	1	566115	566135
564945	1	1	566115	566135
564946	1	1	566115	566135
564947	1	1	566115	566135
564948	1	1	566115	566193
564949	1	1	566115	566193
564950	1	1	566115	566465
564951	1	1	566115	566151
564952	1	1	566115	566151
564953	1	1	566115	566151
564954	1	1	566115	566151
564955	1	1	566115	566415
564956	1	1	566115	566415
564957	1	1	566115	566415
564958	1	1	566115	566415
564959	1	1	566115	566415
564960	1	1	566115	566415
564961	1	1	566115	566464
564962	1	1	566115	566464
564963	1	1	566115	566385
564964	1	1	566115	566385
564965	1	1	566115	566344
564966	1	1	566115	566344
564967	1	1	566115	566344
564968	1	1	566115	566344
564969	1	1	566115	566344
564970	1	1	566115	566344
564971	1	1	566115	566282
564972	1	1	566115	566282
564973	1	1	566115	566282
564974	1	1	566115	566282
564975	1	1	566115	566328
564976	1	1	566115	566328
564977	1	1	566115	566328
564978	1	1	566115	566361
564979	1	1	566115	566280
564980	1	1	566115	566280
564981	1	1	566115	566332
564982	1	1	566115	566340
564983	1	1	566115	566137|566138
564984	1	1	566115	566473
564985	1	1	566115	566487
564986	1	1	566115	566487
564987	1	1	566115	566487
564988	1	1	566115	566487
564989	1	1	566115	566263
564990	1	1	566115	566263
564991	1	1	566115	566263
564992	1	1	566115	566263
564993	1	1	566115	566263
564994	1	1	566115	566263
564995	1	1	566115	566214
564996	1	1	566115	566214
564997	1	1	566115	566214
564998	1	1	566115	566247
564999	1	1	566115	566247
565000	1	1	566115	566247
565001	1	1	566115	566247
565002	1	1	566115	566247
565003	1	1	566115	566247
565004	1	1	566115	566247
565005	1	1	566115	566247
565006	1	1	566115	566159
565007	1	1	566115	566444
565008	1	1	566115	566444
565009	1	1	566115	566444
565010	1	1	566115	566444
565011	1	1	566115	566316
565012	1	1	566115	566316
565013	1	1	566115	566316
565014	1	1	566115	566316
565015	1	1	566115	566421
565016	1	1	566115	566433
565017	1	1	566115	566433
565018	1	1	566115	566433
565019	1	1	566115	566433
565020	1	1	566115	566433
565021	1	1	566115	566240
565022	1	1	566115	567094
565023	1	1	566115	567094
565024	1	1	566115	567094
565026	1	1	566115	567094
565027	1	1	566115	566195
565028	1	1	566115	566195
565029	1	1	566115	566195
565030	1	1	566115	566195
565031	1	1	566115	566195
565032	1	1	566115	566195
565033	1	1	566115	566195
565034	1	1	566115	566195
565035	1	1	566115	566195
565036	1	1	566115	566195
565037	1	1	566115	566195
565038	1	1	566115	566195
565039	1	1	566115	566195
565040	1	1	566115	566195
565041	1	1	566115	567062
565042	1	1	566115	567062
565043	1	1	566115	567062
565045	1	1	566115	567062
565046	1	1	566115	566431
565047	1	1	566115	566431
565048	1	1	566115	566431
565049	1	1	566115	566307
565050	1	1	566115	566307
565051	1	1	566115	566307
565052	1	1	566115	566307
565053	1	1	566115	566307
565054	1	1	566115	566199
565055	1	1	566115	566199
565056	1	1	566115	566199
565057	1	1	566115	566463
565058	1	1	566115	566463
565059	1	1	566115	566463
565060	1	1	566115	566463
565061	1	1	566115	566468
565062	1	1	566115	566468
565063	1	1	566115	566125
565064	1	1	566115	566125
565065	1	1	566115	566125
565066	1	1	566115	566125
565067	1	1	566115	566125
565068	1	1	566115	566420
565069	1	1	566115	566420
565070	1	1	566115	566420
565071	1	1	566115	566300
565072	1	1	566115	566480
565073	1	1	566115	566480
565074	1	1	566115	566480
565075	1	1	566115	566374
565076	1	1	566115	566353
565077	1	1	566115	566353
565078	1	1	566115	566358
565079	1	1	566115	566358
565080	1	1	566115	566358
565081	1	1	566115	566358
565082	1	1	566115	566358
565083	1	1	566115	566284
565084	1	1	566115	566208
565085	1	1	566115	566208
565086	1	1	566115	566208
565088	1	1	566115	566208
565089	1	1	566115	566238
565090	1	1	566115	566238
565091	1	1	566115	566238
565092	1	1	566115	566238
565093	1	1	566115	566238
565095	1	1	566115	566238
565096	1	1	566115	566411
565097	1	1	566115	566411
565098	1	1	566115	566411
565099	1	1	566115	566411
565100	1	1	566115	566411
565101	1	1	566115	566411
565102	1	1	566115	566411
565103	1	1	566115	566411
565105	1	1	566115	566411
565106	1	1	566115	566164
565107	1	1	566115	566451
565108	1	1	566115	566451
565109	1	1	566115	566318
565110	1	1	566115	566318
565111	1	1	566115	566318
565112	1	1	566115	567055
565113	1	1	566115	567055
565114	1	1	566115	567055
565115	1	1	566115	567055
565117	1	1	566115	567055
565118	1	1	566115	566156|566155
565119	1	1	566115	566129
565120	1	1	566115	566129
565121	1	1	566115	566129
565122	1	1	566115	566123
565123	1	1	566115	566123
565124	1	1	566115	566142
565125	1	1	566115	566142
565126	1	1	566115	566142
565127	1	1	566115	566142
565128	1	1	566115	566142
565129	1	1	566115	566261
565130	1	1	566115	566261
565131	1	1	566115	566261
565132	1	1	566115	566261
565133	1	1	566115	566261
565134	1	1	566115	566261
565135	1	1	566115	566491
565136	1	1	566115	567075
565137	1	1	566115	567075
565139	1	1	566115	567075
565140	1	1	566115	566146
565141	1	1	566115	566146
565142	1	1	566115	566146
565143	1	1	566115	566146
565144	1	1	566115	566146
565145	1	1	566115	566146
565146	1	1	566115	566215
565147	1	1	566115	566215
565148	1	1	566115	566215
565149	1	1	566115	566215
565150	1	1	566115	566384
565151	1	1	566115	566384
565152	1	1	566115	566166
565153	1	1	566115	566166
565154	1	1	566115	566252
565155	1	1	566115	566252
565156	1	1	566115	566252
565157	1	1	566115	566252
565158	1	1	566115	566252
565159	1	1	566115	566252
565160	1	1	566115	566252
565161	1	1	566115	566252
565162	1	1	566115	566281
565163	1	1	566115	566281
565164	1	1	566115	567090
565166	1	1	566115	567090
565167	1	1	566115	566424
565168	1	1	566115	566424
565169	1	1	566115	566424
565170	1	1	566115	566424
565171	1	1	566115	566303
565172	1	1	566115	567079
565173	1	1	566115	567079
565175	1	1	566115	567079
565176	1	1	566115	566296
565177	1	1	566115	566296
565178	1	1	566115	567086
565179	1	1	566115	567086
565180	1	1	566115	567086
565182	1	1	566115	567086
565183	1	1	566115	566423
565184	1	1	566115	566423
565185	1	1	566115	566423
565186	1	1	566115	566423
565187	1	1	566115	566315
565188	1	1	566115	566315
565189	1	1	566115	566315
565190	1	1	566115	566455
565191	1	1	566115	566455
565192	1	1	566115	567091
565194	1	1	566115	567091
565195	1	1	566115	566471
565196	1	1	566115	566471
565197	1	1	566115	566471
565198	1	1	566115	566392
565199	1	1	566115	566392
565200	1	1	566115	566392
565201	1	1	566115	566392
565202	1	1	566115	566392
565203	1	1	566115	566314
565204	1	1	566115	566314
565205	1	1	566115	566314
565206	1	1	566115	566314
565207	1	1	566115	566314
565208	1	1	566115	566265
565209	1	1	566115	566265
565210	1	1	566115	566203
565211	1	1	566115	566203
565213	1	1	566115	566203
565214	1	1	566115	566224
565215	1	1	566115	566224
565216	1	1	566115	566224
565217	1	1	566115	566224
565218	1	1	566115	566224
565219	1	1	566115	566150
565220	1	1	566115	566150
565221	1	1	566115	566150
565222	1	1	566115	566221
565223	1	1	566115	566221
565224	1	1	566115	566221
565225	1	1	566115	566221
565226	1	1	566115	566221
565227	1	1	566115	566478
565228	1	1	566115	566369
565229	1	1	566115	566369
565230	1	1	566115	566271
565231	1	1	566115	566271
565232	1	1	566115	566418
565233	1	1	566115	566418
565234	1	1	566115	567069
565236	1	1	566115	567069
565237	1	1	566115	566485
565238	1	1	566115	566485
565239	1	1	566115	566440
565240	1	1	566115	567087
565241	1	1	566115	567087
565242	1	1	566115	567087
565243	1	1	566115	567087
565244	1	1	566115	567087
565246	1	1	566115	567087
565247	1	1	566115	566483
565248	1	1	566115	566483
565249	1	1	566115	566483
565250	1	1	566115	566453
565251	1	1	566115	566163
565252	1	1	566115	566163
565253	1	1	566115	566163
565254	1	1	566115	566163
565255	1	1	566115	566163
565256	1	1	566115	566163
565257	1	1	566115	566163
565258	1	1	566115	566163
565260	1	1	566115	566163
565261	1	1	566115	567073
565262	1	1	566115	567073
565263	1	1	566115	567073
565265	1	1	566115	567073
565266	1	1	566115	566484
565267	1	1	566115	566484
565268	1	1	566115	566249
565269	1	1	566115	566249
565270	1	1	566115	566202
565271	1	1	566115	566202
565272	1	1	566115	566202
565273	1	1	566115	566202
565274	1	1	566115	566202
565275	1	1	566115	566202
565276	1	1	566115	566202
565277	1	1	566115	566202
565278	1	1	566115	566407
565279	1	1	566115	566407
565280	1	1	566115	566407
565281	1	1	566115	566442
565282	1	1	566115	566301
565283	1	1	566115	566301
565284	1	1	566115	566301
565285	1	1	566115	566264
565286	1	1	566115	566264
565287	1	1	566115	566264
565288	1	1	566115	566264
565289	1	1	566115	566264
565290	1	1	566115	566264
565292	1	1	566115	567109
565293	1	1	566115	566405
565294	1	1	566115	566405
565295	1	1	566115	566360
565296	1	1	566115	566360
565297	1	1	566115	566360
565298	1	1	566115	566222
565299	1	1	566115	566222
565300	1	1	566115	566222
565301	1	1	566115	567099
565302	1	1	566115	567099
565303	1	1	566115	567099
565304	1	1	566115	567099
565306	1	1	566115	567099
565307	1	1	566115	566262
565308	1	1	566115	566162
565309	1	1	566115	566162
565310	1	1	566115	566179
565311	1	1	566115	566179
565312	1	1	566115	566179
565313	1	1	566115	567111
565315	1	1	566115	567111
565316	1	1	566115	567060
565317	1	1	566115	567060
565318	1	1	566115	567060
565320	1	1	566115	567060
565321	1	1	566115	566116
565322	1	1	566115	566116
565323	1	1	566115	566116
565324	1	1	566115	566116
565325	1	1	566115	566148
565326	1	1	566115	566148
565328	1	1	566115	566148
565329	1	1	566115	566232
565330	1	1	566115	566232
565331	1	1	566115	566232
565332	1	1	566115	566120
565333	1	1	566115	566120
565334	1	1	566115	566120
565335	1	1	566115	566120
565336	1	1	566115	566414
565337	1	1	566115	566283
565338	1	1	566115	566283
565339	1	1	566115	566272
565340	1	1	566115	567100
565341	1	1	566115	567100
565343	1	1	566115	567100
565344	1	1	566115	566439
565345	1	1	566115	566439
565346	1	1	566115	566439
565347	1	1	566115	566439
565348	1	1	566115	566439
565349	1	1	566115	566439
565350	1	1	566115	566305
565351	1	1	566115	566305
565352	1	1	566115	566305
565353	1	1	566115	566305
565354	1	1	566115	566230
565355	1	1	566115	566230
565356	1	1	566115	566230
565357	1	1	566115	566230
565358	1	1	566115	566230
565359	1	1	566115	566168
565360	1	1	566115	566168
565361	1	1	566115	566168
565362	1	1	566115	566168
565363	1	1	566115	566327
565364	1	1	566115	566327
565365	1	1	566115	566327
565366	1	1	566115	566167
565367	1	1	566115	566167
565368	1	1	566115	566167
565369	1	1	566115	566167
565370	1	1	566115	566167
565371	1	1	566115	566167
565372	1	1	566115	566167
565373	1	1	566115	566167
565374	1	1	566115	566167
565375	1	1	566115	567056
565377	1	1	566115	567056
565378	1	1	566115	566371
565379	1	1	566115	566371
565380	1	1	566115	566321
565381	1	1	566115	566321
565382	1	1	566115	566225
565383	1	1	566115	566225
565384	1	1	566115	566225
565385	1	1	566115	566225
565386	1	1	566115	566169
565387	1	1	566115	566169
565388	1	1	566115	566169
565389	1	1	566115	566169
565390	1	1	566115	566169
565391	1	1	566115	566169
565392	1	1	566115	566169
565393	1	1	566115	566169
565394	1	1	566115	566169
565395	1	1	566115	566404
565396	1	1	566115	566404
565397	1	1	566115	566395
565398	1	1	566115	566395
565400	1	1	566115	566395
565401	1	1	566115	566251
565402	1	1	566115	566251
565403	1	1	566115	566190
565404	1	1	566115	566190
565405	1	1	566115	566190
565406	1	1	566115	566190
565407	1	1	566115	566190
565408	1	1	566115	566447
565409	1	1	566115	567072
565411	1	1	566115	567072
565412	1	1	566115	566333
565413	1	1	566115	566333
565414	1	1	566115	567071
565415	1	1	566115	567071
565416	1	1	566115	567071
565417	1	1	566115	567071
565419	1	1	566115	567071
565420	1	1	566115	566299
565421	1	1	566115	566299
565422	1	1	566115	566299
565423	1	1	566115	566299
565424	1	1	566115	566352
565425	1	1	566115	566352
565426	1	1	566115	566352
565428	1	1	566115	566352
565429	1	1	566115	566219
565430	1	1	566115	566219
565431	1	1	566115	566204
565432	1	1	566115	566204
565433	1	1	566115	566204
565434	1	1	566115	566204
565435	1	1	566115	566204
565436	1	1	566115	566204
565437	1	1	566115	566330
565438	1	1	566115	566330
565439	1	1	566115	566330
565440	1	1	566115	566330
565441	1	1	566115	566132
565442	1	1	566115	566132
565443	1	1	566115	566132
565444	1	1	566115	566132
565445	1	1	566115	566343
565446	1	1	566115	566343
565447	1	1	566115	566134
565448	1	1	566115	566134
565449	1	1	566115	566134
565450	1	1	566115	566134
565451	1	1	566115	566367
565452	1	1	566115	566310
565453	1	1	566115	566310
565454	1	1	566115	566310
565455	1	1	566115	566326|566322
565456	1	1	566115	566310
565457	1	1	566115	566489
565458	1	1	566115	566489
565459	1	1	566115	566172
565460	1	1	566115	566172
565461	1	1	566115	566172
565462	1	1	566115	566172
565463	1	1	566115	566172
565464	1	1	566115	566198
565465	1	1	566115	566198
565466	1	1	566115	566198
565467	1	1	566115	566121
565468	1	1	566115	566121
565469	1	1	566115	566121
565470	1	1	566115	566121
565471	1	1	566115	566121
565472	1	1	566115	566121
565473	1	1	566115	566121
565475	1	1	566115	566121
565476	1	1	566115	566419
565477	1	1	566115	566419
565478	1	1	566115	566419
565479	1	1	566115	566419
565480	1	1	566115	566406
565481	1	1	566115	566406
565482	1	1	566115	566452
565483	1	1	566115	566452
565484	1	1	566115	566452
565485	1	1	566115	566312
565486	1	1	566115	566312
565487	1	1	566115	566312
565488	1	1	566115	566246
565489	1	1	566115	566187
565490	1	1	566115	566336
565491	1	1	566115	566336
565492	1	1	566115	566336
565493	1	1	566115	566189
565494	1	1	566115	566189
565495	1	1	566115	566189
565497	1	1	566115	566189
565498	1	1	566115	566294
565499	1	1	566115	566294
565500	1	1	566115	566294
565501	1	1	566115	566233
565502	1	1	566115	566233
565503	1	1	566115	566233
565504	1	1	566115	566233
565505	1	1	566115	566410
565506	1	1	566115	566410
565507	1	1	566115	566410
565508	1	1	566115	567061
565509	1	1	566115	567061
565510	1	1	566115	567061
565511	1	1	566115	567061
565512	1	1	566115	567061
565513	1	1	566115	567061
565515	1	1	566115	567061
565516	1	1	566115	566422
565517	1	1	566115	566422
565518	1	1	566115	566422
565519	1	1	566115	566373
565520	1	1	566115	566373
565521	1	1	566115	566381
565522	1	1	566115	566381
565523	1	1	566115	566381
565524	1	1	566115	566381
565525	1	1	566115	566140
565526	1	1	566115	566140
565527	1	1	566115	566140
565528	1	1	566115	566389
565529	1	1	566115	566389
565530	1	1	566115	566389
565531	1	1	566115	566322
565532	1	1	566115	566322
565533	1	1	566115	566322
565534	1	1	566115	566131
565535	1	1	566115	566131
565536	1	1	566115	566131
565537	1	1	566115	566223
565538	1	1	566115	566223
565539	1	1	566115	566223
565540	1	1	566115	566223
565541	1	1	566115	566223
565542	1	1	566115	566223
565543	1	1	566115	566223
565544	1	1	566115	566223
565545	1	1	566115	566223
565546	1	1	566115	567058
565547	1	1	566115	567058
565548	1	1	566115	567058
565550	1	1	566115	567058
565551	1	1	566115	566255
565552	1	1	566115	566255
565553	1	1	566115	566255
565554	1	1	566115	566255
565555	1	1	566115	566239
565556	1	1	566115	566239
565557	1	1	566115	566239
565558	1	1	566115	566438
565559	1	1	566115	566438
565560	1	1	566115	566438
565561	1	1	566115	566438
565562	1	1	566115	566348
565563	1	1	566115	566275
565564	1	1	566115	566275
565565	1	1	566115	566275
565566	1	1	566115	566231
565567	1	1	566115	566231
565568	1	1	566115	566481
565569	1	1	566115	566313
565570	1	1	566115	566313
565571	1	1	566115	566383
565572	1	1	566115	566383
565573	1	1	566115	566122
565574	1	1	566115	566122
565575	1	1	566115	566122
565576	1	1	566115	566122
565577	1	1	566115	566122
565578	1	1	566115	566122
565579	1	1	566115	566286
565580	1	1	566115	566206
565581	1	1	566115	566206
565582	1	1	566115	566206
565583	1	1	566115	566206
565584	1	1	566115	566206
565585	1	1	566115	566185
565586	1	1	566115	566185
565587	1	1	566115	566185
565588	1	1	566115	566185
565589	1	1	566115	566185
565590	1	1	566115	566185
565591	1	1	566115	566185
565592	1	1	566115	566185
565594	1	1	566115	567084
565595	1	1	566115	566341
565596	1	1	566115	566341
565597	1	1	566115	566341
565598	1	1	566115	566341
565599	1	1	566115	566228
565600	1	1	566115	566228
565601	1	1	566115	566228
565602	1	1	566115	566430
565603	1	1	566115	566430
565604	1	1	566115	566430
565605	1	1	566115	566430
565606	1	1	566115	566430
565607	1	1	566115	566430
565608	1	1	566115	566430
565609	1	1	566115	566161
565610	1	1	566115	566161
565612	1	1	566115	566161
565613	1	1	566115	566397
565614	1	1	566115	566397
565615	1	1	566115	566260
565616	1	1	566115	566380
565617	1	1	566115	566270
565618	1	1	566115	566270
565619	1	1	566115	566270
565620	1	1	566115	566270
565621	1	1	566115	566270
565622	1	1	566115	567077
565623	1	1	566115	567077
565624	1	1	566115	567077
565625	1	1	566115	567077
565626	1	1	566115	567077
565627	1	1	566115	567077
565628	1	1	566115	567077
565629	1	1	566115	567077
565630	1	1	566115	567077
565632	1	1	566115	567077
565633	1	1	566115	566450
565634	1	1	566115	566450
565635	1	1	566115	566450
565636	1	1	566115	566450
565637	1	1	566115	566450
565638	1	1	566115	566363
565639	1	1	566115	566363
565640	1	1	566115	566363
565641	1	1	566115	567106
565642	1	1	566115	567106
565643	1	1	566115	567106
565644	1	1	566115	567106
565646	1	1	566115	567106
565647	1	1	566115	566432
565648	1	1	566115	566432
565649	1	1	566115	566432
565650	1	1	566115	566331
565651	1	1	566115	566331
565652	1	1	566115	566331
565653	1	1	566115	566331
565654	1	1	566115	566331
565655	1	1	566115	566355
565656	1	1	566115	566139
565657	1	1	566115	566139
565658	1	1	566115	566139
565659	1	1	566115	566139
565660	1	1	566115	566379
565661	1	1	566115	566379
565662	1	1	566115	566379
565663	1	1	566115	567067
565664	1	1	566115	567067
565665	1	1	566115	567067
565666	1	1	566115	567067
565667	1	1	566115	567067
565668	1	1	566115	567067
565670	1	1	566115	567067
565671	1	1	566115	566170
565672	1	1	566115	566170
565674	1	1	566115	566170
565675	1	1	566115	566186
565676	1	1	566115	566186
565677	1	1	566115	566186
565678	1	1	566115	566362
565679	1	1	566115	566362
565680	1	1	566115	566362
565681	1	1	566115	567098
565683	1	1	566115	567098
565684	1	1	566115	566356
565685	1	1	566115	566350
565686	1	1	566115	566350
565687	1	1	566115	566350
565688	1	1	566115	566291
565689	1	1	566115	566291
565690	1	1	566115	566398
565691	1	1	566115	566398
565692	1	1	566115	566398
565693	1	1	566115	566398
565694	1	1	566115	566398
565696	1	1	566115	566398
565697	1	1	566115	566191
565698	1	1	566115	566191
565699	1	1	566115	566191
565700	1	1	566115	566191
565701	1	1	566115	566191
565702	1	1	566115	566191
565703	1	1	566115	566311
565704	1	1	566115	566311
565705	1	1	566115	566311
565706	1	1	566115	566278
565707	1	1	566115	566278
565708	1	1	566115	566278
565709	1	1	566115	566287
565710	1	1	566115	566287
565711	1	1	566115	566287
565712	1	1	566115	566287
565713	1	1	566115	566141
565714	1	1	566115	566141
565715	1	1	566115	566141
565716	1	1	566115	566141
565717	1	1	566115	566141
565718	1	1	566115	566141
565719	1	1	566115	566375
565720	1	1	566115	566477
565722	1	1	566115	567092
565723	1	1	566115	566269
565724	1	1	566115	566269
565725	1	1	566115	566269
565726	1	1	566115	566269
565727	1	1	566115	566482
565728	1	1	566115	566482
565729	1	1	566115	566220
565730	1	1	566115	566388
565731	1	1	566115	566267
565732	1	1	566115	566267
565733	1	1	566115	566267
565734	1	1	566115	566267
565735	1	1	566115	566250
565736	1	1	566115	566250
565737	1	1	566115	566250
565738	1	1	566115	566250
565739	1	1	566115	566250
565740	1	1	566115	566250
565741	1	1	566115	566250
565742	1	1	566115	566183
565743	1	1	566115	566183
565744	1	1	566115	566183
565745	1	1	566115	566183
565746	1	1	566115	566183
565747	1	1	566115	566183
565748	1	1	566115	566335
565749	1	1	566115	566335
565750	1	1	566115	566165
565751	1	1	566115	566165
565752	1	1	566115	566165
565753	1	1	566115	566165
565754	1	1	566115	566400
565755	1	1	566115	566454
565756	1	1	566115	566454
565757	1	1	566115	566454
565758	1	1	566115	566197
565759	1	1	566115	566181
565760	1	1	566115	566181
565761	1	1	566115	566456
565762	1	1	566115	566259
565763	1	1	566115	566259
565764	1	1	566115	566259
565765	1	1	566115	566428
565766	1	1	566115	566399
565767	1	1	566115	566416
565768	1	1	566115	566155
565769	1	1	566115	566155
565770	1	1	566115	566155
565771	1	1	566115	566155
565772	1	1	566115	566155
565773	1	1	566115	566155
565774	1	1	566115	566155
565775	1	1	566115	567057
565777	1	1	566115	567057
565778	1	1	566115	567066
565779	1	1	566115	567066
565780	1	1	566115	567066
565781	1	1	566115	567066
565782	1	1	566115	567066
565783	1	1	566115	567066
565784	1	1	566115	567066
565785	1	1	566115	567066
565786	1	1	566115	567066
565787	1	1	566115	567066
565788	1	1	566115	567066
565790	1	1	566115	567066
565791	1	1	566115	567095
565793	1	1	566115	567095
565794	1	1	566115	566254
565795	1	1	566115	566254
565796	1	1	566115	566254
565797	1	1	566115	566366
565798	1	1	566115	566393
565799	1	1	566115	567112
565802	1	1	566115	566359
565803	1	1	566115	566359
565804	1	1	566115	566298
565805	1	1	566115	566298
565806	1	1	566115	566304
565807	1	1	566115	566368
565808	1	1	566115	566368
565809	1	1	566115	566368
565810	1	1	566115	566368
565811	1	1	566115	566368
565812	1	1	566115	566472
565813	1	1	566115	566472
565814	1	1	566115	567093
565816	1	1	566115	567093
565817	1	1	566115	566277
565818	1	1	566115	566277
565819	1	1	566115	566277
565820	1	1	566115	566364
565821	1	1	566115	566364
565822	1	1	566115	566364
565823	1	1	566115	566364
565824	1	1	566115	566364
565825	1	1	566115	566273
565826	1	1	566115	566273
565827	1	1	566115	566273
565828	1	1	566115	566273
565829	1	1	566115	566273
565831	1	1	566115	566273
565832	1	1	566115	566357
565833	1	1	566115	566357
565834	1	1	566115	566357
565835	1	1	566115	566357
565836	1	1	566115	566475
565837	1	1	566115	566429
565838	1	1	566115	566429
565839	1	1	566115	566334
565840	1	1	566115	566334
565841	1	1	566115	566334
565842	1	1	566115	566334
565843	1	1	566115	566334
565844	1	1	566115	566408
565845	1	1	566115	566408
565846	1	1	566115	566459
565847	1	1	566115	566459
565848	1	1	566115	566459
565849	1	1	566115	566459
565850	1	1	566115	567063
565851	1	1	566115	567063
565852	1	1	566115	567063
565853	1	1	566115	567063
565855	1	1	566115	567063
565856	1	1	566115	566345
565857	1	1	566115	566345
565858	1	1	566115	566486
565859	1	1	566115	566474
565860	1	1	566115	566474
565861	1	1	566115	566474
565862	1	1	566115	566474
565863	1	1	566115	566466
565864	1	1	566115	567064
565865	1	1	566115	567064
565866	1	1	566115	567064
565867	1	1	566115	567064
565869	1	1	566115	567064
565870	1	1	566115	566256
565871	1	1	566115	566256
565872	1	1	566115	566256
565873	1	1	566115	566176
565874	1	1	566115	566176
565875	1	1	566115	566339
565876	1	1	566115	566196
565877	1	1	566115	566196
565878	1	1	566115	566196
565879	1	1	566115	566196
565880	1	1	566115	566196
565881	1	1	566115	566196
565882	1	1	566115	566196
565883	1	1	566115	566196
565884	1	1	566115	566196
565885	1	1	566115	566196
565886	1	1	566115	566196
565887	1	1	566115	566196
565888	1	1	566115	566274
565889	1	1	566115	566160
565890	1	1	566115	566160
565891	1	1	566115	566160
565892	1	1	566115	566160
565894	1	1	566115	566160
565895	1	1	566115	566461
565896	1	1	566115	566426
565897	1	1	566115	566426
565898	1	1	566115	566426
565899	1	1	566115	566136
565900	1	1	566115	566226
565901	1	1	566115	566226
565902	1	1	566115	566226
565903	1	1	566115	566226
565904	1	1	566115	566226
565905	1	1	566115	566435
565906	1	1	566115	566435
565907	1	1	566115	566143
565908	1	1	566115	566143
565909	1	1	566115	566143
565910	1	1	566115	566143
565911	1	1	566115	566470
565912	1	1	566115	566470
565913	1	1	566115	566470
565914	1	1	566115	566470
565915	1	1	566115	566147
565916	1	1	566115	566147
565917	1	1	566115	566235
565918	1	1	566115	566235
565919	1	1	566115	566235
565920	1	1	566115	566235
565921	1	1	566115	566235
565922	1	1	566115	566235
565923	1	1	566115	566245
565924	1	1	566115	566245
565925	1	1	566115	566245
565926	1	1	566115	566245
565928	1	1	566115	566245
565929	1	1	566115	566417
565930	1	1	566115	566417
565931	1	1	566115	566390
565932	1	1	566115	566390
565933	1	1	566115	566390
565934	1	1	566115	566443
565935	1	1	566115	566443
565936	1	1	566115	566443
565937	1	1	566115	566210
565938	1	1	566115	566210
565939	1	1	566115	566242
565940	1	1	566115	566242
565941	1	1	566115	566242
565942	1	1	566115	566207
565943	1	1	566115	566207
565944	1	1	566115	566207
565945	1	1	566115	566207
565946	1	1	566115	566207
565947	1	1	566115	566207
565948	1	1	566115	566138
565949	1	1	566115	566138
565950	1	1	566115	566138
565951	1	1	566115	566138
565952	1	1	566115	566173
565953	1	1	566115	566173
565954	1	1	566115	566173
565955	1	1	566115	566173
565956	1	1	566115	566173
565957	1	1	566115	566173
565958	1	1	566115	566460
565959	1	1	566115	566460
565960	1	1	566115	566346
565961	1	1	566115	566365
565962	1	1	566115	566365
565963	1	1	566115	566365
565964	1	1	566115	566365
565965	1	1	566115	566365
565966	1	1	566115	566290
565967	1	1	566115	566290
565968	1	1	566115	566290
565969	1	1	566115	566290
565970	1	1	566115	566290
565971	1	1	566115	566290
565972	1	1	566115	566290
565973	1	1	566115	566325
565974	1	1	566115	566325
565975	1	1	566115	566126
565977	1	1	566115	567105
565978	1	1	566115	566412
565979	1	1	566115	566412
565980	1	1	566115	566236
565981	1	1	566115	566236
565982	1	1	566115	566128
565983	1	1	566115	566128
565984	1	1	566115	566128
565985	1	1	566115	566128
565986	1	1	566115	566128
565987	1	1	566115	566293
565988	1	1	566115	566293
565989	1	1	566115	566293
565990	1	1	566115	566293
565991	1	1	566115	566293
565992	1	1	566115	566293
565993	1	1	566115	566293
565994	1	1	566115	566293
565995	1	1	566115	566458
565996	1	1	566115	566467
565997	1	1	566115	566349
565998	1	1	566115	566349
565999	1	1	566115	566349
566000	1	1	566115	566201
566001	1	1	566115	566201
566002	1	1	566115	566201
566003	1	1	566115	566201
566004	1	1	566115	566201
566005	1	1	566115	566201
566006	1	1	566115	566201
566007	1	1	566115	566201
566008	1	1	566115	566117
566009	1	1	566115	566117
566010	1	1	566115	566266
566011	1	1	566115	566192
566012	1	1	566115	566192
566014	1	1	566115	566192
566016	1	1	566115	567070
566017	1	1	566115	566372
566018	1	1	566115	566462
566019	1	1	566115	566184
566020	1	1	566115	566184
566021	1	1	566115	566184
566022	1	1	566115	566184
566023	1	1	566115	566184
566025	1	1	566115	567085
566026	1	1	566115	566177
566027	1	1	566115	566177
566028	1	1	566115	566177
566029	1	1	566115	566177
566030	1	1	566115	566177
566031	1	1	566115	566177
566032	1	1	566115	566177
566033	1	1	566115	566177
566034	1	1	566115	566177
566035	1	1	566115	566347
566036	1	1	566115	566347
566037	1	1	566115	566347
566038	1	1	566115	566347
566039	1	1	566115	566347
566040	1	1	566115	566347
566041	1	1	566115	566194
566043	1	1	566115	566194
566044	1	1	566115	567081
566045	1	1	566115	567081
566046	1	1	566115	567081
566047	1	1	566115	567081
566049	1	1	566115	567081
566051	1	1	566115	567101
566052	1	1	566115	566469
566053	1	1	566115	567107
566055	1	1	566115	567107
566056	1	1	566115	566351
566057	1	1	566115	566351
566058	1	1	566115	566351
566059	1	1	566115	566342
566060	1	1	566115	566342
566061	1	1	566115	566342
566062	1	1	566115	566342
566063	1	1	566115	566209
566064	1	1	566115	566209
566065	1	1	566115	566209
566066	1	1	566115	566209
566067	1	1	566115	566209
566068	1	1	566115	566209
566069	1	1	566115	566209
566070	1	1	566115	566209
566071	1	1	566115	566402
566072	1	1	566115	566402
566073	1	1	566115	566402
566074	1	1	566115	566402
566075	1	1	566115	566402
566076	1	1	566115	566402
566077	1	1	566115	566402
566078	1	1	566115	566182
566079	1	1	566115	566182
566080	1	1	566115	566182
566081	1	1	566115	566182
566082	1	1	566115	566182
566083	1	1	566115	566182
566085	1	1	566115	566182
566086	1	1	566115	566234
566087	1	1	566115	566394
566088	1	1	566115	566488
566090	1	1	566115	566488
566091	1	1	566115	566276
566092	1	1	566115	566276
566093	1	1	566115	566276
566094	1	1	566115	566127
566096	1	1	566115	566127
566097	1	1	566115	566119
566098	1	1	566115	566119
566099	1	1	566115	566119
566100	1	1	566115	566119
566101	1	1	566115	566119
566102	1	1	566115	566119
566104	1	1	566115	566119
566105	1	1	566115	566157
566106	1	1	566115	566157
566107	1	1	566115	566157
566108	1	1	566115	566216
566109	1	1	566115	566216
566110	1	1	566115	566216
566111	1	1	566115	566441
566112	1	1	566115	566441
566113	1	1	566115	566441
566114	1	1	566115	566441
57	1	1	565978|565979|564551	564552
58	1	1	565980|565981|564551	564552
59	1	1	565982|565983|565984|565985|565986|564551	564552
6	1	1	565987|565988|565989|565990|565991|565992|565993|565994|564551	564552
60	1	1	565995|564551	564552
61	1	1	565996|564566|564551	564552
62	1	1	565997|565998|565999|564551	564552
63	1	1	566000|566001|566002|566003|566004|566005|566006|566007|564551	564552
64	1	1	564551	564552
65	1	1	564566|564551	564552
66	1	1	564551	564552
67	1	1	566008|566009|564566|564551	564552
68	1	1	566010|564551	564552
69	1	1	566011|566012|564551|566014	564552
7	1	1	564551|566016	564552
70	1	1	566017|564551	564552
71	1	1	564551	564552
72	1	1	564566|564551	564552
73	1	1	566018|564551	564552
74	1	1	566019|566020|566021|566022|566023|564566|564551	564552
75	1	1	564551|566025	564552
76	1	1	564566|564551	564552
77	1	1	566026|566027|566028|566029|566030|566031|566032|566033|566034|564551	564552
78	1	1	566035|566036|566037|566038|566039|566040|564566|564551	564552
79	1	1	564551	564552
8	1	1	566041|564551|566043	564552
80	1	1	564551|566044|566045|566046|566047|566049	564552
81	1	1	564551|566051	564552
82	1	1	566052|564566|564551	564552
83	1	1	564551|566053|566055	564552
84	1	1	566056|566057|566058|564551	564552
85	1	1	564551	564552
86	1	1	566059|566060|566061|566062|564551	564552
87	1	1	566063|566064|566065|566066|566067|566068|566069|566070|564566|564551	564552
88	1	1	566071|566072|566073|566074|566075|566076|566077|564551	564552
89	1	1	566078|566079|564566|564551|566080|566081|566082|566083|566085	564552
9	1	1	566086|564551	564552
90	1	1	564551	564552
91	1	1	566087|564551	564552
92	1	1	566088|564551|566090	564552
93	1	1	566091|566092|566093|564551	564552
94	1	1	566094|564551|566096	564552
95	1	1	566097|566098|566099|566100|566101|566102|564566|564551|566104	564552
96	1	1	566105|566106|566107|564551	564552
97	1	1	566108|566109|566110|564566|564551	564552
98	1	1	566111|566112|566113|566114|564551	564552
99	1	1	564551	564552
