None	1	1		
	1	1	168582,66946,326176	
0	1	1	251839,50653,326176	
1	1	1	326176	
10	1	1	22000,529863,137468,118020,326176	
100	1	1		422
100325	1	1		324
100345	1	1		35
100382	1	1		352
100963	1	1	326176	
101	1	1		35
101079	1	1		458
101347	1	1		439
101565	1	1		161
10157	1	1		12
101710	1	1	524897,309545,481024,407463,119345,209674,326176	
102	1	1		397
102008	1	1		392
10243	1	1		278
102988	1	1	448246,160577,326176	
103	1	1		197
103379	1	1		556
103583	1	1	326176,25192,513941,555727,346189,50105,337506,335047,555992,338019	
104	1	1		6
10418	1	1		230
104527	1	1		437
104716	1	1	160577,326176	
105	1	1		374
105256	1	1		45
105337	1	1		205
105502	1	1	70840,326176,27059,473403	
106	1	1		366
106394	1	1	298824,36446,312808,259475,177680,289253,326176	
107	1	1		490
107376	1	1		111
107534	1	1		262
107939	1	1	326176	
108	1	1		285
108521	1	1		366
108856	1	1	326176	
109	1	1		484
109081	1	1		230
109217	1	1		307
109243	1	1		366
109363	1	1		87
109909	1	1		359
109918	1	1	326176,484688,87603,553715,15639,210132,333154,55502,503921,436805,521986	
11	1	1	326176	
110	1	1		501
110540	1	1		418
110612	1	1		529
110710	1	1	200978,453771,87438,514996,545114,107376,227611,197485,137336,117137,175338,326176	
111	1	1		388,413
1114	1	1		371
111892	1	1	440686,517951,70407,440295,200178,175786,138593,326176	
112	1	1		301
112408	1	1	144901,67807,326176	
113	1	1		159
11318	1	1		360
113227	1	1		458
113313	1	1		552
113481	1	1		460
113523	1	1		415
113623	1	1		183
113709	1	1		385
113877	1	1	534227,327493,326176	
114	1	1		257
114027	1	1		27
11447	1	1	197588,291527,160577,326176	
115	1	1		262
115030	1	1	326176	
116	1	1		445
116308	1	1		19
116370	1	1		513
116687	1	1	136365,453716,133719,160577,326176	
117	1	1		276
117137	1	1		111
117564	1	1		199
117651	1	1	72323,202456,471389,326176	
118	1	1		46
118020	1	1		100
118124	1	1		351
118252	1	1		19
118352	1	1		241
118447	1	1	500152,326176	
119	1	1		467
119190	1	1		380
119345	1	1		102
11959	1	1		280
1197	1	1		171
119968	1	1	430983,408839,10157,160577,326176	
12	1	1	57844,227886,53559,326176	
120	1	1		554
120463	1	1		335
120833	1	1	326176	
121	1	1		198
121274	1	1	349977,544167,38523,326176,85236,468358,344437	
122	1	1		208
122515	1	1		243
122539	1	1		157
122642	1	1		353
122668	1	1	179503,50452,160577,326176	
123	1	1		464
123114	1	1		463
123127	1	1		540
123208	1	1		243
123301	1	1	200630,227154,480599,326176	
124	1	1		267
12470	1	1	326176	
125	1	1		6
125271	1	1		312
125443	1	1		274
125687	1	1		67
125695	1	1		356
125843	1	1	160577,326176	
126	1	1		524
126264	1	1		289
126332	1	1		189
126375	1	1		5
126521	1	1		391
126546	1	1	326176	
127	1	1		397
127111	1	1	486874,12817,326176	
128	1	1		78
128095	1	1		53
12817	1	1		128
128600	1	1	326176	
129	1	1		54
129147	1	1		96
129563	1	1		270
129621	1	1		207
12978	1	1	437112,326176	
13	1	1	326176,564548,564549,564550	
130	1	1		233
130126	1	1		538
130327	1	1		556
13039	1	1		286
130504	1	1		43
130643	1	1		336
130706	1	1		183
130802	1	1		26
130911	1	1	326176,403548,564551	
131	1	1		143
131003	1	1		437
131844	1	1		548
131991	1	1	326176	
132	1	1	563881,161023,174104,507909,351753,160577,326176	
133	1	1		262
133185	1	1		285
133471	1	1		57
133719	1	1		117
133872	1	1		512
133886	1	1	488750,339257,292918,326176	
134	1	1		300
134050	1	1		355
134538	1	1		174
134987	1	1	326176	
135	1	1		150
135251	1	1		14
13544	1	1	255267,326176	
136	1	1		455
136309	1	1		522
136365	1	1		117
136716	1	1		429
13678	1	1		299
136808	1	1		360
136892	1	1	466193,279857,395712,326176	
137	1	1		358
137336	1	1		111
137468	1	1	389571,556694,180478,470983,385857,326176	
138	1	1		100
138562	1	1		279
138593	1	1	146677,326176	
139	1	1		112
139114	1	1		445
139325	1	1		564
139440	1	1		557
139702	1	1	160577,326176,277556,135251	
14	1	1	239490,437875,326176	
140	1	1		165
140143	1	1		39
140290	1	1		157
140401	1	1		34
140687	1	1		543
14082	1	1	88268,366397,326176	
141	1	1		87
141059	1	1	396456,326176	
142	1	1		455
142169	1	1		404
142547	1	1		530
142554	1	1		554
142638	1	1		532
142962	1	1	326176,222427,315753,130911,487992	
143	1	1		218
14306	1	1	144776,381069,326176	
144	1	1		145
144037	1	1		387
144252	1	1		47
144749	1	1		336
144776	1	1		144
144901	1	1	456541,249972,14306,328653,51985,970,248437,326176	
145	1	1		113
14506	1	1		189
145217	1	1		532
145611	1	1	160577,326176	
146	1	1		149
14609	1	1		372
146464	1	1		433
146677	1	1		139
146967	1	1	326176	
147	1	1		172
147629	1	1		561
147940	1	1	326176	
148	1	1		179
148130	1	1		180
148460	1	1	145611,555817,160577,326176	
149	1	1	326176	
15	1	1	134987,356094,382827,232695,475707,414790,341400,160577,326176	
150	1	1		386
150477	1	1		63
150628	1	1		523
150635	1	1		153
150663	1	1		378
150685	1	1		77
150873	1	1	228781,304403,303506,160577,326176	
151	1	1		324
151352	1	1		173
151496	1	1		228
151698	1	1	326176,237135,286512	
152	1	1		56
15201	1	1		46
152244	1	1		229
152375	1	1		388
152904	1	1		448
152930	1	1	150635,272953,70864,430751,402863,326176	
153	1	1		386
15304	1	1		404
153528	1	1		510
153728	1	1	326176	
154	1	1		533
154305	1	1		324
154986	1	1	451469,355690,326176	
155	1	1		480
155228	1	1		550
155345	1	1		561
155654	1	1		207
155947	1	1	326176	
156	1	1		20
156105	1	1		316
15626	1	1		31
15639	1	1		11
156808	1	1		171
156903	1	1	397658,561401,404042,140290,122539,413017,255496,3992,326176	
157	1	1		352
157070	1	1		197
157286	1	1		363
157535	1	1	160577,326176	
158	1	1		249
158793	1	1		54
158889	1	1	285607,41543,112408,444791,326176	
159	1	1		86
159240	1	1		349
159287	1	1		33
159572	1	1		239
159655	1	1	326176,244288,198597,43872,207921	
16	1	1	326176	
160	1	1		233
160009	1	1		296
160171	1	1		532
160577	1	1	63539,504111,2855,515080,326176,101565	
161	1	1		103,105,115,117,12,123,126,133,14,146,149,150,151,158,164,166,173,178,181,185,186,187,190,193,194,195,199,201,204,209,211,218,221,226,227,230,232,24,240,247,25,257,259,262,267,268,270,271,280,282,285,288,289,293,30,301,309,313,315,323,325,330,34,341,347,354,355,358,359,361,364,365,369,37,375,382,39,40,405,420,428,429,431,433,438,445,447,449,450,452,458,463,467,472,473,476,48,489,506,510,511,512,522,527,533,534,544,545,546,548,55,550,555,559,561,61,65,67,72,74,76,78,82,87,89,95,97
161023	1	1		133
16138	1	1	326176	
162	1	1		270
1629	1	1	326176,564552	
163	1	1	393602,160577,326176	
164	1	1		359
16415	1	1		207
164952	1	1	189339,41277,497986,139702,201696,528869,532760,326176	
165	1	1		392
165077	1	1		167
165618	1	1		308
165673	1	1		19
165766	1	1		166
165825	1	1	178313,210653,453423,356461,165766,160577,326176	
166	1	1		207
166050	1	1		325
166606	1	1		5
166721	1	1		513
166900	1	1	318834,365177,165077,544731,363474,326176	
167	1	1		372
167710	1	1		414
167909	1	1	560556,326176,229506,44914	
168	1	1		256
16827	1	1		264
168305	1	1		74
168541	1	1		89
168582	1	1		0
168664	1	1	326176	
169	1	1	509012,25717,326176	
17	1	1	326176	
170	1	1		69
170031	1	1		443
170316	1	1		224
170366	1	1		530
170637	1	1	156808,1197,326176	
171	1	1		379
171027	1	1		290
171272	1	1		59
17179	1	1	287808,275795,326176,146967	
172	1	1		55
172061	1	1		379
172125	1	1		493
172242	1	1		180
172678	1	1	536689,71186,204104,564553,160577,326176,65935,151352	
173	1	1		88
173036	1	1		451
173721	1	1	66904,446500,33974,134538,252028,326176	
174	1	1		410
17401	1	1		445
174104	1	1		133
174202	1	1		382
17488	1	1	91583,211067,382182,300795,326176	
175	1	1		309
175338	1	1		111
175593	1	1		285
175680	1	1		35
175786	1	1		112
175794	1	1		376
175883	1	1		555
175921	1	1	7043,257296,326176	
176	1	1		199
176664	1	1	398803,355174,326176	
177	1	1		452
177680	1	1	160577,326176	
178	1	1		107
178313	1	1		166
178879	1	1	179329,147940,83103,497297,535043,564554,298448,326176	
179	1	1		445
179254	1	1		548
179329	1	1		179
179503	1	1		123
179614	1	1		87
179659	1	1		296
179878	1	1	326176	
18	1	1	249243,148130,172242,77465,6143,326176	
180	1	1		271
180057	1	1		63
180194	1	1		419
180478	1	1		138
180488	1	1		260
180611	1	1		42
18087	1	1	20096,66796,279933,160577,326176	
181	1	1		320
181052	1	1		78
181521	1	1		270
181881	1	1	883,276963,414197,326176	
182	1	1		448
182147	1	1		562
182255	1	1		45
182524	1	1		445
182829	1	1		51
18294	1	1	76602,490049,113623,550136,130706,326176	
183	1	1		445
183724	1	1	326176	
184	1	1		383
184137	1	1		428
18464	1	1	24179,486803,504473,451136,196816,475624,160577,326176	
185	1	1		59
185180	1	1		344
185602	1	1		488
185885	1	1	34156,160577,326176	
186	1	1	160577,326176	
187	1	1		233
18721	1	1		95
187382	1	1		366
187390	1	1		27
187623	1	1		289
18772	1	1		86
187800	1	1	326176	
188	1	1		96
188676	1	1		487
188873	1	1	326176,384187,204402,290508,126332,289990,14506,255334,426620,485099	
189	1	1		198
189233	1	1		36
189339	1	1		165
189523	1	1		382
189924	1	1		19
189988	1	1	165673,366722,326176,118252,116308,189924	
19	1	1	254559,41653,564555,160577,326176	
190	1	1		52
190541	1	1		514
190716	1	1	433772,63564,326176	
191	1	1		555
191148	1	1		535
191214	1	1		392
191267	1	1	265446,326176	
192	1	1		519
192421	1	1		482
192545	1	1		302
192635	1	1		551
192798	1	1	271199,160577,326176	
193	1	1		380
19334	1	1		498
193498	1	1		224
193782	1	1		254
193801	1	1		77
193828	1	1	160577,326176	
194	1	1		500
194059	1	1		205
194176	1	1		452
194847	1	1	533082,454089,47112,90602,160577,326176	
195	1	1		233
195531	1	1		245
195663	1	1	326176	
196	1	1		98
196352	1	1		261
196549	1	1		22
196678	1	1		252
196740	1	1		538
196816	1	1	326176,313565,463953,457787,97610,157070,536923,209009,454582,102988,301891	
197	1	1		185
197092	1	1		74
19740	1	1		98
197485	1	1		111
197588	1	1		115
197797	1	1		241,555
197998	1	1	326176,188873,228656,120833,404838	
198	1	1		534
19816	1	1		295
198592	1	1		259
198597	1	1	160577,326176,434205,293421,559334,292108,117564,175921,367514	
199	1	1		16
199194	1	1		296
199400	1	1		42
199435	1	1		5
199616	1	1	223197,326176	
2	1	1	155947,5801,361230,326176	
20	1	1	326176	
200	1	1		334
200178	1	1		112
20036	1	1		77
200414	1	1		43
200630	1	1		124
20096	1	1		181
200978	1	1	160577,326176	
201	1	1		111
201696	1	1	326176,87110	
202	1	1		165
202369	1	1		561
202456	1	1		118
20299	1	1	277108,326176,515055	
203	1	1		468
203102	1	1		407
203218	1	1		408
203672	1	1	160577,326176	
204	1	1		532
204100	1	1		218
204104	1	1		173
204402	1	1		189
204812	1	1		53
204980	1	1	374569,523222,236357,207508,105337,194059,326176	
205	1	1		539
205271	1	1		403
205775	1	1	326176,343497,354066,317862	
206	1	1		233
206007	1	1	326176,16415,396703,375185,165825,129621,155654,286132	
207	1	1		255
207363	1	1		28
207508	1	1		205
20756	1	1		88
207910	1	1		349
207921	1	1		16
207928	1	1	121274,326176	
208	1	1		360
208289	1	1	160577,326176,392499,258546,459130,359237,537500,499859	
209	1	1		63
209009	1	1		197
209674	1	1	326176	
21	1	1	417509,303469,225145,554940,326176	
210	1	1		102
210132	1	1		11
210482	1	1		436
210653	1	1		166
210757	1	1	160577,326176	
211	1	1		28
211067	1	1		175
211989	1	1	326176,224973,277541,308108	
212	1	1	394375,259934,235336,296282,295403,526223,326176	
213	1	1		324
213234	1	1		63
213283	1	1		56
213646	1	1	258594,326176	
214	1	1		224
214231	1	1		356
214844	1	1	378860,237672,326176	
215	1	1	308693,401224,326176	
216	1	1		319
216446	1	1		397
216562	1	1		357
216755	1	1		460
216935	1	1	326176	
217	1	1		523
21702	1	1		484
217406	1	1		428
217754	1	1	204100,142962,43212,473197,160577,326176	
218	1	1		234
21821	1	1		261
218492	1	1		232
218822	1	1	326176	
219	1	1	337719,279284,196549,372855,326176	
22	1	1	326176	
220	1	1		415
22000	1	1		100
220132	1	1		406
220276	1	1		480
220347	1	1		300
220886	1	1	160577,326176	
221	1	1		481
221890	1	1	533897,326176	
222	1	1		321
222427	1	1		143
2229	1	1		33
222984	1	1	512171,326176	
223	1	1		280
223197	1	1		2
223315	1	1	170316,397333,193498,408537,213646,326176	
224	1	1		246
224417	1	1		39
224692	1	1		350
224973	1	1	461247,419825,512101,316448,326176	
225	1	1		212
225145	1	1		210
225206	1	1		481
225293	1	1		475
225588	1	1		274
225600	1	1	275826,28730,160577,326176	
226	1	1		59
22600	1	1		422
226434	1	1	160577,326176	
227	1	1		467
227154	1	1		124
227611	1	1		111
227886	1	1	151496,326176	
228	1	1		120
228074	1	1		291
228541	1	1		62
228656	1	1		198
228781	1	1		151
228943	1	1	43446,508920,152244,242773,326176	
229	1	1		309
22903	1	1		513
229463	1	1		385
229506	1	1	326176	
23	1	1	10418,91050,345791,109081,247673,241087,160577,326176	
230	1	1		168
23042	1	1		536
230481	1	1		378
230835	1	1	99447,242297,326176	
231	1	1		368
231211	1	1		470
231218	1	1	218492,548708,160577,326176	
232	1	1		280
232174	1	1		466
232207	1	1		380
232530	1	1		295
232678	1	1		451
232695	1	1		150
232879	1	1	205775,185885,159655,194847,12978,88745,326176	
233	1	1		421
233243	1	1		498
233894	1	1		339
233982	1	1	358953,43287,540759,217754,326176	
234	1	1		261
234086	1	1		258
234735	1	1	326176	
235	1	1		54
235336	1	1	326176	
236	1	1		213
236357	1	1		205
236475	1	1		426
236680	1	1	413127,478482,417058,326176	
237	1	1		412
237135	1	1		152
237672	1	1	285582,326176	
238	1	1		215
23832	1	1	159572,443289,326176	
239	1	1		550
239490	1	1	53544,160577,326176	
24	1	1	420280,160577,326176	
240	1	1		140
240199	1	1		317
240607	1	1		412
240622	1	1	197797,118352,326176	
241	1	1		276
241087	1	1		230
24179	1	1		185
241822	1	1	45599,43052,351729,554486,326176	
242	1	1		294
242168	1	1		28
242239	1	1		245
242297	1	1		231
242313	1	1		322
242773	1	1		229
242933	1	1	306287,243887,122515,385738,81702,123208,326176	
243	1	1		508
243753	1	1		77
243887	1	1	58324,286112,454459,326176	
244	1	1		243
244223	1	1		434
244288	1	1		16
244392	1	1		276
244410	1	1		518
244538	1	1		363
244539	1	1		84
244880	1	1	242239,195531,463873,286834,559397,264872,536865,428634,326176	
245	1	1		393
245300	1	1		77
245652	1	1	223315,326176	
246	1	1		285
24610	1	1		89
246224	1	1		29
246232	1	1		320
246475	1	1		335
246714	1	1	160577,326176	
247	1	1		63
247104	1	1		252
247228	1	1		346
247673	1	1	72659,276568,414307,518866,326176	
248	1	1		230
248434	1	1		4
248437	1	1	157535,37859,69159,455221,326176	
249	1	1		145
249243	1	1		180
249972	1	1	160577,326176	
25	1	1	388832,326176	
250	1	1		145
25003	1	1		459
250267	1	1		33
250813	1	1		255
250976	1	1	326176	
251	1	1		58
251839	1	1		1
25192	1	1	196678,247104,395703,472287,368251,326176	
252	1	1		104
252028	1	1		174
252501	1	1	263350,326176	
253	1	1		554
253075	1	1		365
253107	1	1		97
253656	1	1		81
253724	1	1		257
253995	1	1	326176,361118,193782,544195,383724	
254	1	1		502
254044	1	1		310
254194	1	1		481
254559	1	1		190
254609	1	1		84
254667	1	1	510712,90605,65088,250813,462323,439130,562722,556593,493836,66665,91966,388847,469822,206007,326176	
255	1	1		335
255267	1	1		136
255334	1	1		189
255496	1	1		157
25563	1	1		357
255927	1	1	326176,389843,167909,328742,422109	
256	1	1		56
256239	1	1	253724,489902,113877,160577,326176	
257	1	1		458
25717	1	1		17
257296	1	1	65202,234086,53229,47741,95532,326176	
258	1	1		176
258546	1	1		209
258594	1	1	360993,198592,2911,160577,326176	
259	1	1		214
259019	1	1		87
25940	1	1		561
259475	1	1		107
259934	1	1	486418,513013,447998,130802,326176	
26	1	1	509755,180488,326176	
260	1	1	385807,21821,233982,196352,51806,326176	
261	1	1		213
26114	1	1		409
261355	1	1		445
261693	1	1	107534,11447,131991,160577,326176	
262	1	1		78
262130	1	1		498
262607	1	1	396226,326176	
263	1	1		88
263350	1	1	16827,6931,323552,326176	
264	1	1		253
264172	1	1		455
264872	1	1	295186,326176	
265	1	1		245
265044	1	1		415
265446	1	1		192
265758	1	1		286
265796	1	1		56
265825	1	1	497330,522256,326176	
266	1	1	326082,474955,521897,381241,123301,160577,326176	
267	1	1		309
267538	1	1		360
267828	1	1	521754,160577,326176	
268	1	1		436
26881	1	1	326176	
269	1	1	505398,114027,326176,187390,58902	
27	1	1	129563,74079,46468,16138,181521,160577,326176,564556	
270	1	1		534
27059	1	1	277139,551319,322541,380278,414927,179878,74228,160577,326176,564557,564558	
271	1	1		106
271199	1	1	464419,326176	
272	1	1		193
272235	1	1		60
272865	1	1		33
272953	1	1	326176	
273	1	1		153
273830	1	1	225588,125443,326176	
274	1	1		284
274704	1	1		43
274798	1	1		78
274890	1	1	355388,32893,562131,326176	
275	1	1		519
27548	1	1		356
275551	1	1		413
275702	1	1		519
275795	1	1		172
275826	1	1	326176,78967,244392,116687,505614,240622	
276	1	1		226
276342	1	1		470
276443	1	1		324
276568	1	1		248
276963	1	1	46596,326176	
277	1	1		182
277058	1	1		523
277108	1	1		203
277139	1	1		271
277227	1	1		299
277297	1	1		320
277454	1	1		51
277467	1	1		414
277541	1	1		212
277556	1	1	10243,99367,394101,326176	
278	1	1	138562,532896,326176	
279	1	1		14
279284	1	1		22
279857	1	1		137
279933	1	1	242168,93273,207363,210757,509432,326176	
28	1	1	11959,421956,482215,222984,231218,49493,160577,326176	
280	1	1	374244,326176	
281	1	1		181
281012	1	1		484
281397	1	1	160577,326176	
282	1	1	326176	
283	1	1		62
283074	1	1		286
283139	1	1		289
28317	1	1		36
283792	1	1	326176,290202,332851,273830	
284	1	1		469
284373	1	1	133185,175593,107939,487575,517227,245652,160577,326176	
285	1	1		523
285133	1	1		392
2855	1	1		161
285582	1	1		238
285607	1	1	265758,59734,13039,283074,326176	
286	1	1		159
286112	1	1		244
286132	1	1		207
286512	1	1		152
286834	1	1	454364,422340,326176	
287	1	1		245
287044	1	1		467
28730	1	1		226
287355	1	1		80
287808	1	1	42777,532651,160577,326176	
288	1	1		172
28823	1	1		86
288523	1	1		406
288606	1	1		336
288815	1	1	307331,474062,40875,187623,499021,283139,319003,126264,160577,326176	
289	1	1		338
289253	1	1		107
289675	1	1		340
289990	1	1	30351,246224,326176	
29	1	1	326176,171027,502118	
290	1	1		189
290202	1	1		284
290308	1	1		320
290369	1	1		95
290407	1	1		383
290508	1	1	387838,46375,228074,489800,326176	
291	1	1		189
2911	1	1		259
291157	1	1		459
291527	1	1		115
291852	1	1	300322,326176	
292	1	1		332
292108	1	1		199
292765	1	1		39
292918	1	1	160577,326176,81956,477842,357920	
293	1	1		134
293421	1	1	61713,241822,326176	
294	1	1		199
294362	1	1	326176,464050,494097,19816,232530	
295	1	1		57
295186	1	1		265
295403	1	1		213
295953	1	1	160009,199194,546063,179659,326176	
296	1	1		553
296282	1	1		213
296422	1	1		474
296704	1	1	326176	
297	1	1		516
297264	1	1		510
297651	1	1	326176	
298	1	1		471
2980	1	1		434
298102	1	1		514
298110	1	1		524
298293	1	1		498
298448	1	1		179
298824	1	1	277227,396913,13678,326176	
299	1	1		107
299841	1	1	381676,46621,326176	
3	1	1	160577,326176,31072,337034	
30	1	1	133886,56048,220347,326176	
300	1	1		425
300322	1	1		292
300581	1	1		421
300610	1	1		356
300795	1	1	67309,511840,437653,111892,542646,160577,326176	
301	1	1		175
301063	1	1		418
301103	1	1		458
301407	1	1		531
301891	1	1	46927,419454,316138,192545,473,326176	
302	1	1		197
30240	1	1		324
30254	1	1	526307,76147,326176	
303	1	1		69
303469	1	1		210
303506	1	1		151
30351	1	1	326176	
304	1	1		29
304403	1	1	326176	
305	1	1	326176	
306	1	1		151
306133	1	1		554
306287	1	1		243
30640	1	1		338
306821	1	1	495712,59630,326176,109217	
307	1	1		516
307082	1	1		31
30727	1	1		563
307331	1	1	530181,165618,471460,355008,378219,326176	
308	1	1		289
308108	1	1		212
308693	1	1		216
308827	1	1	228943,17488,265825,160577,326176	
309	1	1		415
309545	1	1	15626,307082,365613,371789,85827,326176	
31	1	1	254044,326176	
310	1	1		102
310401	1	1		540
31072	1	1	326176	
311	1	1	125271,487265,326176	
312	1	1		30
312639	1	1		556
312808	1	1	160577,326176	
313	1	1		107
313019	1	1		532
313218	1	1		540
313301	1	1		327
313365	1	1		481
313565	1	1		197
31374	1	1	326176	
314	1	1		357
31456	1	1	337467,392469,160577,326176	
315	1	1		391
315065	1	1		368
315605	1	1		412
315753	1	1	156105,383846,326176	
316	1	1		143
316002	1	1		543
316138	1	1		302
316230	1	1		458
316290	1	1		507
316448	1	1		225
316722	1	1	326176,240199,350604	
317	1	1		366
31702	1	1		50
317862	1	1	326176	
318	1	1		206
318166	1	1		91
318704	1	1		443
318834	1	1	443784,214844,326176	
319	1	1		167
319003	1	1	88090,326176	
32	1	1	326176,389940,18087,290308,246232,478372,277297	
320	1	1		289
320195	1	1		372
320726	1	1	497196,524344,221890,326176	
321	1	1		371
321372	1	1		45
321917	1	1		33
32194	1	1	242313,326176	
322	1	1		51
322146	1	1		89
322528	1	1		411
322541	1	1		271
322792	1	1	160577,326176	
323	1	1		350
323226	1	1		380
323552	1	1	324409,211989,150873,560165,276443,326176,154305,358721,100325,30240	
324	1	1		264
324409	1	1	160577,326176,166050,443310,517344,395495	
325	1	1		324
325402	1	1		89
325623	1	1		359
325943	1	1	545786,547648,326176	
326	1	1		426
326082	1	1		267
326176	1	1	539741,313301,326176	
327	1	1		0,1,10,100,101,102,103,104,105,106,107,108,109,11,110,111,112,113,114,115,116,117,118,119,12,120,121,122,123,124,125,126,127,128,129,13,130,131,132,133,134,135,136,137,138,139,14,140,141,142,143,144,145,146,147,148,149,15,150,151,152,153,154,155,156,157,158,159,16,160,161,162,163,164,165,166,167,168,169,17,170,171,172,173,174,175,176,177,178,179,18,180,181,182,183,184,185,186,187,188,189,19,190,191,192,193,194,195,196,197,198,199,2,20,200,201,202,203,204,205,206,207,208,209,21,210,211,212,213,214,215,216,217,218,219,22,220,221,222,223,224,225,226,227,228,229,23,230,231,232,233,234,235,236,237,238,239,24,240,241,242,243,244,245,246,247,248,249,25,250,251,252,253,254,255,256,257,258,259,26,260,261,262,263,264,265,266,267,268,269,27,270,271,272,273,274,275,276,277,278,279,28,280,281,282,283,284,285,286,287,288,289,29,290,291,292,293,294,295,296,297,298,299,3,30,300,301,302,303,304,305,306,307,308,309,31,310,311,312,313,314,315,316,317,318,319,32,320,321,322,323,324,325,326,327,328,329,33,330,331,332,333,334,335,336,337,338,339,34,340,341,342,343,344,345,346,347,348,349,35,350,351,352,353,354,355,356,357,358,359,36,360,361,362,363,364,365,366,367,368,369,37,370,371,372,373,374,375,376,377,378,379,38,380,381,382,383,384,385,386,387,388,389,39,390,391,392,393,394,395,396,397,398,399,4,40,400,401,402,403,404,405,406,407,408,409,41,410,411,412,413,414,415,416,417,418,419,42,420,421,422,423,424,425,426,427,428,429,43,430,431,432,433,434,435,436,437,438,439,44,440,441,442,443,444,445,446,447,448,449,45,450,451,452,453,454,455,456,457,458,459,46,460,461,462,463,464,465,466,467,468,469,47,470,471,472,473,474,475,476,477,478,479,48,480,481,482,483,484,485,486,487,488,489,49,490,491,492,493,494,495,496,497,498,499,5,50,500,501,502,503,504,505,506,507,508,509,51,510,511,512,513,514,515,516,517,518,519,52,520,521,522,523,524,525,526,527,528,529,53,530,531,532,533,534,535,536,537,538,539,54,540,541,542,543,544,545,546,547,548,549,55,550,551,552,553,554,555,556,557,558,559,56,560,561,562,563,564,57,58,59,6,60,61,62,63,64,65,66,67,68,69,7,70,71,72,73,74,75,76,77,78,79,8,80,81,82,83,84,85,86,87,88,89,9,90,91,92,93,94,95,96,97,98,99
327245	1	1		526
327248	1	1		419
327493	1	1	326176	
328	1	1		114
328324	1	1		372
328653	1	1		145
328742	1	1		256
328805	1	1		415
32893	1	1	326176	
329	1	1		275
329482	1	1		39
329483	1	1		383
329640	1	1	250267,159287,2229,272865,63616,8494,321917,484277,326176	
33	1	1	160577,326176	
330	1	1	326176	
331	1	1		418
331111	1	1		52
33194	1	1	333445,479101,291852,326176	
332	1	1		436
332093	1	1		539
332508	1	1		358
332592	1	1		480
332813	1	1		538
332851	1	1	326176	
333	1	1		284
333154	1	1		11
333301	1	1		525
333445	1	1	199616,326176	
334	1	1	120463,254667,246475,326176	
335	1	1		332
335047	1	1	288606,130643,399773,359802,469779,144749,326176	
336	1	1		104
336577	1	1	326176,564559	
337	1	1		434
337034	1	1		30
337458	1	1		532
337467	1	1		315
337506	1	1		104
337561	1	1		451
337719	1	1	288815,30640,326176	
338	1	1		22
338019	1	1		104
338563	1	1		98
338832	1	1	233894,349685,386957,326176	
339	1	1		543
339257	1	1		134
33954	1	1		529
33974	1	1		174
339827	1	1	490306,140401,496279,160577,326176	
34	1	1	326176,512812,474586,512723,74570,289675	
340	1	1		556
34008	1	1		379
340919	1	1	541114,160577,326176	
341	1	1		410
341336	1	1		518
341400	1	1		150
34156	1	1		186
341996	1	1	326176	
342	1	1	4250,68458,326176	
343	1	1		367
343052	1	1		407
343189	1	1		448
343497	1	1		206
343977	1	1	185180,48720,55676,326176	
344	1	1		534
34423	1	1		7
344437	1	1		122
344658	1	1	326176,564560,564561	
345	1	1		58
345345	1	1		376
345712	1	1		88
345791	1	1	326176,540691,247228,461991,509437	
346	1	1		230
346189	1	1		104
346682	1	1	160577,326176	
347	1	1		55
347751	1	1	66019,92717,355863,370215,326176	
348	1	1		522
348107	1	1	159240,69902,326176,207910	
349	1	1		392
349393	1	1		378
349685	1	1		339
349977	1	1	175680,100345,100963,326176	
35	1	1	322792,224692,558151,462433,326176	
350	1	1		122
350604	1	1	118124,326176	
351	1	1		317
351729	1	1		242
351753	1	1	156903,100382,326176	
352	1	1		133
352448	1	1	122642,326176	
353	1	1		409
353778	1	1		51
353925	1	1	160577,326176	
354	1	1		95
354066	1	1		206
354779	1	1	160577,326176,377161,405541,134050	
355	1	1		499
355008	1	1		308
355174	1	1		177
355388	1	1		275
355690	1	1		155
355863	1	1	300610,27548,125695,214231,523742,524941,326176	
356	1	1		348
356094	1	1		150
356461	1	1	25563,216562,365757,31374,326176	
357	1	1		166
357749	1	1		529
357920	1	1	413723,332508,537024,507422,136892,160577,326176	
358	1	1		293
358248	1	1		472
358292	1	1		415
358721	1	1		324
358884	1	1		505
358953	1	1	427246,1629,325623,109909,160577,326176	
359	1	1		234
359237	1	1		209
359802	1	1		336
359987	1	1	28317,9097,189233,326176	
36	1	1	90118,559327,378312,532978,136808,564562,267538,11318,207928,326176	
360	1	1		93
360072	1	1		448
360993	1	1	160577,326176	
361	1	1		259
361118	1	1		254
361230	1	1		20
361585	1	1		532
361941	1	1	326176,369571,57479	
362	1	1		452
36287	1	1	157286,244538,326176	
363	1	1		54
363438	1	1		419
363474	1	1		167
363595	1	1	368116,98619,160577,326176	
364	1	1		462
364313	1	1		505
36446	1	1	495633,436811,253075,347751,160577,326176	
365	1	1		107
365177	1	1		167
365613	1	1		31
365757	1	1		357
365906	1	1	187382,419106,108521,6152,74971,105502,451382,109243,316722,326176	
366	1	1		6
366397	1	1		141
366722	1	1	79347,341996,326176	
367	1	1		19
367514	1	1	230835,315065,326176,564563	
368	1	1		199
368116	1	1		364
368251	1	1	160577,326176	
369	1	1		252
369525	1	1		9
369571	1	1	160577,326176	
37	1	1	326176	
370	1	1		362
370215	1	1		348
370418	1	1		382
370981	1	1	320726,1114,326176	
371	1	1		405
371164	1	1		413
371789	1	1	166900,328324,485775,320195,14609,326176	
372	1	1		31
372329	1	1		557
372855	1	1	478564,326176	
373	1	1		22
373750	1	1		405
373998	1	1	326176,53723,104716	
374	1	1		6
374244	1	1		281
374569	1	1	385312,495733,160577,326176	
375	1	1		205
375185	1	1		207
375462	1	1		78
375663	1	1		391
375927	1	1	326176,529322,175794,345345,423611,564564	
376	1	1	326176	
377	1	1		388
377161	1	1		355
377681	1	1	230481,349393,456660,150663,326176	
378	1	1		512
378219	1	1		308
378312	1	1		360
37859	1	1		249
378801	1	1		399
378860	1	1	34008,170637,172061,326176,564565	
379	1	1		215
37990	1	1	73460,394425,326176	
38	1	1	119190,192798,232207,323226,455418,462958,326176	
380	1	1		5
380278	1	1	326176	
381	1	1		271
381069	1	1		144
381241	1	1		267
381676	1	1	524473,370418,189523,174202,160577,326176	
382	1	1		3
382175	1	1		63
382182	1	1		175
382827	1	1	290407,183724,537468,329483,326176	
383	1	1		150
383724	1	1		254
383846	1	1	326176	
384	1	1		316
384168	1	1		386
384187	1	1	113709,229463,326176	
385	1	1		189
38523	1	1		122
385312	1	1		375
385738	1	1		243
385807	1	1		261
385835	1	1		417
385857	1	1	384168,148460,517065,152930,326176	
386	1	1		138
386957	1	1	144037,326176	
387	1	1		339
387197	1	1		540
387838	1	1	396091,375927,152375,110710,423738,326176	
388	1	1		291
388473	1	1		536
388832	1	1		250
388847	1	1	459209,487947,326176	
389	1	1		255
389571	1	1		138
389843	1	1		256
389940	1	1	224417,329482,292765,510805,140143,160577,326176	
39	1	1	326176	
390	1	1		320
390379	1	1	126521,375663,31456,326176	
391	1	1	481940,102008,285133,164952,62301,348107,191214,326176,564566	
392	1	1		536
392469	1	1		315
392499	1	1	410657,445559,244880,481644,326176	
393	1	1		209
393079	1	1		561
39311	1	1		482
393353	1	1		526
393602	1	1	326176	
394	1	1		164
394101	1	1		278
394375	1	1		213
394425	1	1		38
394881	1	1	522151,484901,326176	
395	1	1		97
395359	1	1		543
395472	1	1		498
395495	1	1		325
395703	1	1		252
395712	1	1		137
395997	1	1	326176	
396	1	1		415
396066	1	1		5
39609	1	1		462
396091	1	1		388
396226	1	1		263
396456	1	1		142
396680	1	1		466
396703	1	1		207
396736	1	1		80
396913	1	1	126546,101710,216446,326176	
397	1	1		299
397194	1	1		484
397333	1	1		224
397658	1	1	326176	
398	1	1		157
398769	1	1		428
398803	1	1	457076,378801,476947,326176	
399	1	1		177
3992	1	1		157
399345	1	1		526
399619	1	1		42
399773	1	1		336
399795	1	1		555
399909	1	1	248434,326176	
4	1	1	160577,326176	
40	1	1	470453,326176	
400	1	1		5
400517	1	1	326176	
401	1	1		95
401212	1	1		466
401224	1	1		216
401844	1	1	544618,55990,485811,326176	
402	1	1		498
402337	1	1		473
402863	1	1	205271,442840,326176,522239,74200	
403	1	1		153
403548	1	1		131
403687	1	1	547541,15304,142169,326176	
404	1	1		430
404042	1	1		157
404172	1	1		405
4045	1	1		430
404605	1	1		490
404838	1	1		198
404846	1	1	522152,373750,404172,370981,160577,326176	
405	1	1		5
405454	1	1		457
405541	1	1		355
40578	1	1	90643,220132,288523,326176	
406	1	1	326176,343052,532648,436693,472851,203102,5371,525186	
407	1	1		466
407463	1	1	479657,86852,203218,326176	
408	1	1		102
408347	1	1		542
408537	1	1		224
408680	1	1		478
40875	1	1		289
408839	1	1	352448,26114,326176	
409	1	1		12
409442	1	1	326176	
41	1	1	422132,340919,427238,173721,326176	
410	1	1		49
410657	1	1		393
410949	1	1	496407,56394,322528,326176	
411	1	1		87
411480	1	1	240607,315605,236680,326176	
412	1	1		522
41277	1	1	275551,371164,458844,110710,326176	
413	1	1		165
413017	1	1		157
413127	1	1		237
413723	1	1	277467,560632,167710,326176	
414	1	1		358
414197	1	1		182
414307	1	1		248
414790	1	1		150
414927	1	1	358292,113523,218822,549474,395997,308827,551108,328805,265044,326176	
415	1	1		271
41543	1	1	326176	
416	1	1		159
416260	1	1		439
41653	1	1	326176,385835,90329,542085,70922	
417	1	1		190
417058	1	1		237
417509	1	1	329640,110540,301063,62001,326176	
418	1	1		210
418416	1	1	363438,180194,327248,326176	
419	1	1		514
419106	1	1		366
419182	1	1		464
419454	1	1		302
419825	1	1	199400,5983,180611,399619,326176	
42	1	1	511337,160577,326176	
420	1	1		225
420280	1	1	300581,232879,532262,326176	
421	1	1		240
421489	1	1		452
421956	1	1	22600,100061,326176	
422	1	1		280
422084	1	1		529
422109	1	1		256
422132	1	1		410
422253	1	1		433
422340	1	1	326176	
423	1	1		287
423611	1	1		376
423738	1	1		388
423978	1	1	486915,326176	
424	1	1	299841,501302,326176	
425	1	1		6
4250	1	1		343
425064	1	1	325943,236475,326176	
426	1	1		517
426620	1	1	326176	
427	1	1		189
427238	1	1		410
427246	1	1		359
42777	1	1	398769,461726,217406,184137,66469,473555,160577,326176	
428	1	1		288
428055	1	1		436
428559	1	1		430
428634	1	1	136716,160577,326176	
429	1	1	476674,509423,274704,130504,200414,326176	
43	1	1	49912,508695,520324,403687,57075,562168,4045,428559,326176	
430	1	1		245
430291	1	1		5
43052	1	1		242
430751	1	1		153
430983	1	1	160577,326176,563849	
431	1	1		12
431460	1	1	326176	
432	1	1		87
43212	1	1		218
43287	1	1	530986,422253,146464,48439,160577,326176	
433	1	1		234
433772	1	1	244223,2980,336577,326176	
434	1	1		191
434205	1	1		199
434430	1	1		468
43446	1	1	326176	
435	1	1		229
435698	1	1	33194,428055,54188,43643,267828,51922,210482,326176	
436	1	1		89
43643	1	1		436
436693	1	1		407
436805	1	1		11
436811	1	1	131003,64855,326176,104527	
437	1	1		365
437112	1	1		13
437653	1	1		301
437872	1	1		97
437875	1	1	160577,326176	
438	1	1		140
43872	1	1	101347,416260,326176	
439	1	1		16
439130	1	1	541990,326176	
44	1	1	326176	
440	1	1		255
440295	1	1		112
440686	1	1	326176	
441	1	1	470279,326176	
442	1	1		112
442577	1	1		496
442840	1	1	318704,559762,170031,461740,542138,326176	
443	1	1		403
443289	1	1		239
443310	1	1		325
443772	1	1		50
443784	1	1	326176	
444	1	1		319
444791	1	1	160577,326176,178879,18294,261355,67030,182524,139114,17401,115030,464436,453389	
445	1	1		159
445509	1	1		77
445559	1	1		393
445917	1	1	326176	
446	1	1		507
446500	1	1	160577,326176	
447	1	1		174
447616	1	1		514
447752	1	1		561
447998	1	1	74370,152904,343189,360072,181881,326176	
448	1	1		26
448246	1	1		103
448958	1	1	160577,326176	
449	1	1		515
44914	1	1	182255,105256,321372,326176	
45	1	1	160577,326176,564567,564568,564569,564570,564571	
450	1	1	232678,173036,337561,326176	
451	1	1		168
451136	1	1		185
451382	1	1		366
451469	1	1		155
451615	1	1	421489,176664,361941,194176,76342,160577,326176	
452	1	1	326176	
453	1	1		87
453389	1	1		445
453423	1	1		166
453716	1	1		117
453771	1	1		111
453877	1	1	543123,326176	
454	1	1		519
454085	1	1		494
454089	1	1		195
454364	1	1		287
454391	1	1		67
454459	1	1		244
45454	1	1		47
454582	1	1		197
45486	1	1	13544,59688,141059,264172,326176	
455	1	1		555
455221	1	1		249
455418	1	1		380
455700	1	1		526
45599	1	1	326176	
456	1	1		242
456541	1	1		145
456660	1	1	81946,466902,405454,326176	
457	1	1		378
457076	1	1		399
457751	1	1		458
457787	1	1	160577,326176,457751,97263,316230,113227,256239,301103,101079	
458	1	1		197
458050	1	1		514
458844	1	1	25003,291157,326176,531480	
459	1	1		413
459037	1	1		554
459130	1	1		209
459209	1	1	117651,15201,518063,326176	
46	1	1	54901,113481,216755,326176	
460	1	1	326176	
461	1	1		389
461247	1	1		225
461726	1	1		428
461740	1	1		443
461991	1	1	326176,39609,363595	
462	1	1		346
462323	1	1		255
462433	1	1		350
462958	1	1	123114,160577,326176	
463	1	1		380
46375	1	1		291
463804	1	1		98
463855	1	1		470
463873	1	1		245
463953	1	1	122668,419182,473903,326176	
464	1	1		197
464050	1	1		295
464419	1	1		272
464436	1	1		445
46468	1	1	528629,91833,326176	
465	1	1		270
465277	1	1		5
46596	1	1	40578,232174,494906,401212,396680,326176,564572	
466	1	1		277,498
466193	1	1		137
46621	1	1		3
466902	1	1	287044,487304,226434,118447,553161,549407,160577,326176	
467	1	1		457
467412	1	1	434430,20299,505689,326176	
468	1	1		88
468358	1	1		122
468727	1	1	550644,283792,71218,326176	
469	1	1		77
469186	1	1		70
46927	1	1		302
469365	1	1		482
469473	1	1		475
469779	1	1		336
469822	1	1	543592,50534,144252,45454,326176	
47	1	1	495182,276342,59053,478104,463855,231211,326176	
470	1	1		255
470279	1	1		442
470453	1	1		400
470983	1	1	297651,326176	
471	1	1		138
47112	1	1		195
471389	1	1		118
471460	1	1	358248,160577,326176	
472	1	1		308
472287	1	1		252
472851	1	1	160577,326176,402337	
473	1	1		302
473197	1	1		218
473403	1	1		106
473555	1	1		428
473903	1	1	296422,522528,515309,542549,326176	
474	1	1		464
474062	1	1		289
474586	1	1		340
474941	1	1		8
474955	1	1	225293,469473,326176	
475	1	1		267
475624	1	1		185
475707	1	1	160577,326176	
476	1	1		150
476674	1	1		43
476947	1	1		399
476973	1	1	63822,326176	
477	1	1		537
47741	1	1		258
477694	1	1		95
477842	1	1	408680,326176	
478	1	1		293
478104	1	1		470
478372	1	1		320
478482	1	1		237
478564	1	1	326176	
479	1	1		373
479101	1	1		332
479657	1	1	160577,326176	
48	1	1	220276,332592,527830,154986,326176	
480	1	1		408
480599	1	1		124
480967	1	1		74
480993	1	1	225206,506283,486755,93779,254194,220886,313365,326176	
481	1	1		550
481024	1	1		102
481644	1	1		393
481940	1	1		392
481953	1	1	485165,505170,561936,469365,192421,39311,326176	
482	1	1		553
482134	1	1		500
482215	1	1	87722,76260,326176	
483	1	1	397194,21702,108856,281012,326176	
484	1	1		280
484277	1	1		33
48439	1	1		433
484688	1	1		11
484901	1	1	326176	
485	1	1		395
485099	1	1		189
485165	1	1		482
485775	1	1		372
485811	1	1	326176	
486	1	1		402
486418	1	1		26
486755	1	1		481
486803	1	1		185
486874	1	1		128
486915	1	1	188676,326176	
487	1	1		424
487138	1	1		92
48720	1	1		344
487265	1	1		312
487304	1	1		467
487575	1	1		285
487947	1	1		389
487992	1	1	185602,517073,4963,326176	
488	1	1		143
488750	1	1	160577,326176	
489	1	1		134
489800	1	1		291
489902	1	1		257
489999	1	1	409442,326176	
49	1	1	106394,404605,326176	
490	1	1		59
490049	1	1		183
490306	1	1		34
490322	1	1		516
490437	1	1	326176	
491	1	1		51
491337	1	1	83339,326176	
492	1	1	533797,511489,172125,326176	
493	1	1		538
49343	1	1		556
493648	1	1		75
493836	1	1	454085,326176	
494	1	1		255
494097	1	1		295
494906	1	1		466
49493	1	1	76716,326176	
495	1	1		280
495182	1	1		470
495633	1	1		365
495698	1	1		63
495712	1	1		307
495733	1	1	442577,326176	
496	1	1		375
496279	1	1		34
4963	1	1		488
496407	1	1	326176	
497	1	1		411
497196	1	1		321
497297	1	1		179
497330	1	1		266
497986	1	1	262130,233243,46596,19334,401844,298293,395472,91430,326176	
498	1	1		165
498183	1	1	326176,354779,533417	
499	1	1		77
499021	1	1		289
49912	1	1		430
499859	1	1	326176,70433,126375,199435,166606,465277,37990,564573,404846,399909,396066,430291,552652	
5	1	1	326176,443772,31702	
50	1	1	482134,193828,79560,326176	
500	1	1		209
500152	1	1		119
500170	1	1	109918,326176	
501	1	1		62
50105	1	1		104
501302	1	1	253995,326176	
502	1	1		425
502118	1	1		290
502656	1	1	326176	
503	1	1		84
503921	1	1	326176,564574,564575	
504	1	1		11
504111	1	1		161
504473	1	1		185
50452	1	1	364313,358884,326176	
505	1	1		123
505170	1	1		482
505287	1	1		80
50534	1	1		47
505398	1	1		27
505404	1	1		532
505614	1	1		276
505689	1	1	160577,326176	
506	1	1		468
506283	1	1		481
50653	1	1	445917,316290,326176	
507	1	1		1
507422	1	1		358
507909	1	1	242933,326176	
508	1	1		133
508252	1	1		562
508579	1	1		556
508695	1	1		430
508920	1	1	326176	
509	1	1		229
509012	1	1		17
509423	1	1		43
509432	1	1		28
509437	1	1		346
509755	1	1	353778,490437,182829,32194,277454,326176	
51	1	1	297264,153528,160577,326176	
510	1	1		260
510712	1	1		255
510805	1	1	160577,326176	
511	1	1		39
511337	1	1		420
511489	1	1		493
511572	1	1		89
511840	1	1	160577,326176,377681,133872	
512	1	1		301
51208	1	1		73
512101	1	1		225
512171	1	1		223
512723	1	1		340
512812	1	1	166721,22903,116370,326176	
513	1	1		340
513013	1	1		26
513941	1	1	447616,298102,190541,418416,458050,326176	
514	1	1		104
514905	1	1		89
514996	1	1	448958,326176,564576,564577,564578,564579,564580	
515	1	1		111
515055	1	1		203
515080	1	1		161
515309	1	1	538777,490322,296704,306821,326176	
516	1	1	425064,326176	
517	1	1		474
517065	1	1		386
517073	1	1		488
517227	1	1		285
517344	1	1		325
517566	1	1		86
517951	1	1	244410,341336,326176	
518	1	1		112
51806	1	1		261
518063	1	1		46
518676	1	1		561
518866	1	1	542066,275702,453877,191267,274890,326176	
519	1	1		248
51922	1	1		436
51985	1	1	189988,331111,326176	
52	1	1	326176	
520	1	1		145
520324	1	1	326176	
521	1	1		430
521754	1	1		268
521897	1	1		267
521986	1	1	348,88735,136309,411480,160577,326176	
522	1	1		11
522151	1	1		395
522152	1	1		405
522221	1	1		551
522239	1	1		403
522256	1	1		266
522528	1	1	326176,216935,545166,284373,277058,150628	
523	1	1		474
523105	1	1		77
523222	1	1		205
52348	1	1		88
523742	1	1	125843,298110,326176	
524	1	1		356
524344	1	1		321
524473	1	1		382
524897	1	1		102
524941	1	1	333301,326176	
525	1	1		356
525186	1	1		407
525348	1	1	393353,399345,455700,327245,326176	
526	1	1		534
526223	1	1		213
526307	1	1	160577,326176	
527	1	1		303
527830	1	1	550013,326176	
528	1	1		480
528629	1	1		465
528869	1	1	326176,110612,357749,82358,422084,33954	
529	1	1		165
529322	1	1		376
529863	1	1	204812,128095,77213,326176	
53	1	1	142547,170366,326176	
530	1	1		100
530181	1	1		308
530267	1	1		543
530986	1	1	301407,326176	
531	1	1		433
531480	1	1	203672,96134,532623,313019,145217,160171,337458,361585,543681,505404,142638,68883,326176	
532	1	1		459
532262	1	1		421
53229	1	1		258
532623	1	1		532
532648	1	1		407
532651	1	1		288
532674	1	1		96
532760	1	1		165
532896	1	1		279
532978	1	1	153728,160577,326176	
533	1	1		360
533082	1	1		195
533417	1	1		499
533797	1	1		493
533897	1	1	525348,343977,197998,160577,326176,26881,564581	
534	1	1		222
534227	1	1	191148,326176	
535	1	1		114
535043	1	1		179
535347	1	1		68
53544	1	1		24
53559	1	1	23042,388473,390379,326176	
536	1	1		120
53611	1	1		93
536689	1	1		173
536865	1	1		245
536923	1	1	476973,326176	
537	1	1		197
537024	1	1		358
5371	1	1		407
53723	1	1		374
537468	1	1		383
537500	1	1	491337,130126,332813,77023,196740,326176	
538	1	1		209
538777	1	1	204980,332093,326176	
539	1	1		516
539741	1	1	234735,158793,36287,128600,326176	
54	1	1	123127,310401,387197,313218,326176	
540	1	1		327
540059	1	1		80
540648	1	1		558
540691	1	1		346
540759	1	1	326176	
541	1	1		234
541114	1	1		341
54188	1	1		436
541990	1	1	564582,408347,326176	
542	1	1		44
542066	1	1		519
542085	1	1		417
542138	1	1		443
542549	1	1		474
542646	1	1	338832,395359,530267,79520,316002,140687,326176	
543	1	1		301
543123	1	1		454
543592	1	1		47
543681	1	1	160577,326176	
544	1	1		532
544167	1	1		122
544195	1	1		254
544618	1	1		402
544731	1	1	160577,326176	
545	1	1		167
545114	1	1		111
545166	1	1		523
545786	1	1	160577,326176	
546	1	1		326
546063	1	1	326176	
547	1	1		296
547541	1	1		404
547648	1	1	131844,179254,160577,326176,564583,564584,564585	
548	1	1		326
548033	1	1		69
548708	1	1	326176	
549	1	1		232
54901	1	1		460
549407	1	1		467
549474	1	1	346682,17179,160577,326176	
55	1	1	155228,23832,480993,160577,326176	
550	1	1		415
550013	1	1		528
550136	1	1		183
550644	1	1	192635,562979,522221,326176	
551	1	1		469
551108	1	1		415
551319	1	1	113313,553696,326176	
552	1	1		271
552652	1	1	295953,555850,481953,326176	
553	1	1		5
553046	1	1		92
553161	1	1		467
553696	1	1		552
553715	1	1	459037,79192,252501,306133,142554,119968,326176	
554	1	1		11
554486	1	1		242
554940	1	1	197797,190716,399795,45486,175883,160577,326176	
555	1	1		210
55502	1	1		11
555727	1	1		104
555817	1	1		149
555850	1	1		553
555992	1	1	312639,103379,339827,130327,49343,508579,326176	
556	1	1		104
556593	1	1		255
556694	1	1		138
55676	1	1		344
556960	1	1	139440,372329,326176	
557	1	1	540648,326176	
558	1	1		61
558151	1	1	160577,326176	
559	1	1		350
559267	1	1		6
559327	1	1		360
559334	1	1		199
559397	1	1		245
559762	1	1		443
55990	1	1	151698,71118,265796,213283,255927,326176	
56	1	1	326176	
560	1	1		402
560068	1	1		74
560165	1	1		324
56048	1	1		300
560556	1	1		168
560632	1	1	393079,155345,25940,202369,147629,447752,518676,160577,326176	
561	1	1		414
561401	1	1		157
561936	1	1	182147,508252,326176	
562	1	1		482
562131	1	1		275
562168	1	1		430
562436	1	1		82
562722	1	1		255
562979	1	1	30727,326176	
563	1	1		551
563849	1	1		431
563881	1	1		133
56394	1	1	326176,139325	
564	1	1		411
564548	1	1		130
564549	1	1		130
564550	1	1		130
564551	1	1		131
564552	1	1		163
564553	1	1		173
564554	1	1		179
564555	1	1		190
564556	1	1		270
564557	1	1		271
564558	1	1		271
564559	1	1		337
564560	1	1		345
564561	1	1		345
564562	1	1		360
564563	1	1		368
564564	1	1		376
564565	1	1		379
564566	1	1		392
564567	1	1		450
564568	1	1		450
564569	1	1		450
564570	1	1		450
564571	1	1		450
564572	1	1		466
564573	1	1		5
564574	1	1		504
564575	1	1		504
564576	1	1		515
564577	1	1		515
564578	1	1		515
564579	1	1		515
564580	1	1		515
564581	1	1		534
564582	1	1		542
564583	1	1		548
564584	1	1		548
564585	1	1		548
564586	1	1		59
564587	1	1		8
564588	1	1		80
564589	1	1		83
564590	1	1		83
564591	1	1		94
564592	1	1	133471,294362,326176	
57	1	1		95
57075	1	1		430
57479	1	1		362
57844	1	1	250976,344658,326176	
58	1	1		120
5801	1	1		20
58324	1	1		244
58765	1	1		95
58902	1	1		27
58982	1	1	564586,489999,225600,171272,18464,326176	
59	1	1		94
59053	1	1		470
59630	1	1		307
59688	1	1		455
59734	1	1		286
5983	1	1	423978,71195,6750,559267,373998,103583,12470,365906,326176	
6	1	1	272235,326176	
60	1	1	556960,160577,326176	
61	1	1		42
6143	1	1		180
6152	1	1		366
61713	1	1	228541,281397,500170,326176	
62	1	1		294
62001	1	1		418
62301	1	1	78892,246714,495698,180057,213234,208289,382175,150477,326176	
63	1	1		392
63068	1	1		93
63539	1	1		161
63564	1	1		191
63616	1	1		33
63822	1	1	326176	
64	1	1		477
64855	1	1	160577,326176	
65	1	1		437
65088	1	1		255
65202	1	1		258
65935	1	1	326176	
66	1	1		173
66019	1	1		348
66469	1	1		428
66665	1	1		255
66796	1	1		181
66904	1	1		174
66946	1	1	125687,454391,160577,326176	
67	1	1		0
67030	1	1		445
67309	1	1		301
6750	1	1		6
67807	1	1	535347,326176	
68	1	1		113
68458	1	1		343
68883	1	1	548033,168664,326176,30254	
69	1	1		532
69159	1	1		249
6931	1	1		264
69902	1	1	326176,34423	
7	1	1	469186,326176	
70	1	1		349
70407	1	1		112
7043	1	1		176
70433	1	1		5
70840	1	1		106
70864	1	1		153
70922	1	1	326176	
71	1	1		417
71118	1	1		56
71186	1	1		173
71195	1	1		6
71218	1	1	160577,326176	
72	1	1		469
72323	1	1		118
72659	1	1		248
72811	1	1	51208,326176	
73	1	1		87
73460	1	1	197092,480967,83071,168305,560068,160577,326176	
74	1	1		38
74079	1	1		270
74200	1	1		403
74228	1	1		271
74370	1	1		448
74570	1	1		340
74971	1	1	326176,493648	
75	1	1	160577,326176	
76	1	1		366
76147	1	1		303
76260	1	1		483
76342	1	1		452
76602	1	1		183
76716	1	1	498183,243753,193801,20036,150685,445509,468727,245300,523105,326176	
77	1	1		495
77023	1	1		538
77213	1	1		53
77465	1	1	261693,181052,375462,274798,92215,127111,160577,326176	
78	1	1		180
78892	1	1		63
78967	1	1	326176	
79	1	1		276
79192	1	1		554
79347	1	1		367
79520	1	1		543
79560	1	1	474941,326176,564587	
8	1	1	326176,540059,396736,287355,505287,564588	
80	1	1	326176,253656	
81	1	1		500
81702	1	1		243
81946	1	1		457
81956	1	1	562436,160577,326176	
82	1	1		293
82358	1	1	326176,564589,564590	
83	1	1		529
83071	1	1		74
83103	1	1		179
83339	1	1		492
83577	1	1	502656,254609,244539,326176	
84	1	1		88
8494	1	1	326176	
85	1	1		33
85236	1	1		122
85827	1	1	18772,517566,158889,28823,326176	
86	1	1		31
86852	1	1	451615,410949,14082,179614,72811,259019,431460,109363,160577,326176	
87	1	1		408
87110	1	1		202
87438	1	1		111
87603	1	1		11
87722	1	1	172678,467412,262607,20756,83577,345712,52348,326176	
88	1	1		483
88090	1	1		32
88268	1	1		141
883	1	1		182
88735	1	1		522
88745	1	1	514905,322146,160577,326176,168541,24610,435698,511572,325402	
89	1	1	369525,326176	
9	1	1	326176	
90	1	1		233
90118	1	1		360
90329	1	1		417
90602	1	1		195
90605	1	1		255
90643	1	1		406
9097	1	1	318166,326176	
91	1	1		36
91050	1	1		230
91430	1	1		498
91583	1	1		175
91833	1	1		465
91966	1	1	487138,326176,553046	
92	1	1		255
92215	1	1		78
92717	1	1	63068,53611,359987,326176	
93	1	1		348
93273	1	1		28
93779	1	1	58982,326176,564591	
94	1	1	18721,290369,400517,477694,58765,353925,160577,326176,564592	
95	1	1		481
95532	1	1	187800,532674,129147,326176	
96	1	1		258
96134	1	1	253107,394881,437872,160577,326176	
97	1	1		532
970	1	1		145
97263	1	1		458
97610	1	1	19740,463804,338563,195663,326176	
98	1	1		197
98619	1	1	326176	
99	1	1		364
99367	1	1		278
