0	0.15	168582,66946,326176
1	0.15	251839,50653,326176
10	0.15	326176
100	0.15	22000,529863,137468,118020,326176
101	0.15	326176
102	0.15	524897,309545,481024,407463,119345,209674,326176
103	0.15	448246,160577,326176
104	0.15	326176,25192,513941,555727,346189,50105,337506,335047,555992,338019
105	0.15	160577,326176
106	0.15	70840,326176,27059,473403
107	0.15	298824,36446,312808,259475,177680,289253,326176
108	0.15	326176
109	0.15	326176
11	0.15	326176,484688,87603,553715,15639,210132,333154,55502,503921,436805,521986
110	0.15	326176
111	0.15	200978,453771,87438,514996,545114,107376,227611,197485,137336,117137,175338,326176
112	0.15	440686,517951,70407,440295,200178,175786,138593,326176
113	0.15	144901,67807,326176
114	0.15	534227,327493,326176
115	0.15	197588,291527,160577,326176
116	0.15	326176
117	0.15	136365,453716,133719,160577,326176
118	0.15	72323,202456,471389,326176
119	0.15	500152,326176
12	0.15	430983,408839,10157,160577,326176
120	0.15	57844,227886,53559,326176
121	0.15	326176
122	0.15	349977,544167,38523,326176,85236,468358,344437
123	0.15	179503,50452,160577,326176
124	0.15	200630,227154,480599,326176
125	0.15	326176
126	0.15	160577,326176
127	0.15	326176
128	0.15	486874,12817,326176
129	0.15	326176
13	0.15	437112,326176
130	0.15	326176,564548,564549,564550
131	0.15	326176,403548,564551
132	0.15	326176
133	0.15	563881,161023,174104,507909,351753,160577,326176
134	0.15	488750,339257,292918,326176
135	0.15	326176
136	0.15	255267,326176
137	0.15	466193,279857,395712,326176
138	0.15	389571,556694,180478,470983,385857,326176
139	0.15	146677,326176
14	0.15	160577,326176,277556,135251
140	0.15	239490,437875,326176
141	0.15	88268,366397,326176
142	0.15	396456,326176
143	0.15	326176,222427,315753,130911,487992
144	0.15	144776,381069,326176
145	0.15	456541,249972,14306,328653,51985,970,248437,326176
146	0.15	160577,326176
147	0.15	326176
148	0.15	326176
149	0.15	145611,555817,160577,326176
15	0.15	326176
150	0.15	134987,356094,382827,232695,475707,414790,341400,160577,326176
151	0.15	228781,304403,303506,160577,326176
152	0.15	326176,237135,286512
153	0.15	150635,272953,70864,430751,402863,326176
154	0.15	326176
155	0.15	451469,355690,326176
156	0.15	326176
157	0.15	397658,561401,404042,140290,122539,413017,255496,3992,326176
158	0.15	160577,326176
159	0.15	285607,41543,112408,444791,326176
16	0.15	326176,244288,198597,43872,207921
160	0.15	326176
161	0.15	63539,504111,2855,515080,326176,101565
162	0.15	326176
163	0.15	326176,564552
164	0.15	393602,160577,326176
165	0.15	189339,41277,497986,139702,201696,528869,532760,326176
166	0.15	178313,210653,453423,356461,165766,160577,326176
167	0.15	318834,365177,165077,544731,363474,326176
168	0.15	560556,326176,229506,44914
169	0.15	326176
17	0.15	509012,25717,326176
170	0.15	326176
171	0.15	156808,1197,326176
172	0.15	287808,275795,326176,146967
173	0.15	536689,71186,204104,564553,160577,326176,65935,151352
174	0.15	66904,446500,33974,134538,252028,326176
175	0.15	91583,211067,382182,300795,326176
176	0.15	7043,257296,326176
177	0.15	398803,355174,326176
178	0.15	160577,326176
179	0.15	179329,147940,83103,497297,535043,564554,298448,326176
18	0.15	326176
180	0.15	249243,148130,172242,77465,6143,326176
181	0.15	20096,66796,279933,160577,326176
182	0.15	883,276963,414197,326176
183	0.15	76602,490049,113623,550136,130706,326176
184	0.15	326176
185	0.15	24179,486803,504473,451136,196816,475624,160577,326176
186	0.15	34156,160577,326176
187	0.15	160577,326176
188	0.15	326176
189	0.15	326176,384187,204402,290508,126332,289990,14506,255334,426620,485099
19	0.15	165673,366722,326176,118252,116308,189924
190	0.15	254559,41653,564555,160577,326176
191	0.15	433772,63564,326176
192	0.15	265446,326176
193	0.15	271199,160577,326176
194	0.15	160577,326176
195	0.15	533082,454089,47112,90602,160577,326176
196	0.15	326176
197	0.15	326176,313565,463953,457787,97610,157070,536923,209009,454582,102988,301891
198	0.15	326176,188873,228656,120833,404838
199	0.15	160577,326176,434205,293421,559334,292108,117564,175921,367514
2	0.15	223197,326176
20	0.15	155947,5801,361230,326176
200	0.15	326176
201	0.15	160577,326176
202	0.15	326176,87110
203	0.15	277108,326176,515055
204	0.15	160577,326176
205	0.15	374569,523222,236357,207508,105337,194059,326176
206	0.15	326176,343497,354066,317862
207	0.15	326176,16415,396703,375185,165825,129621,155654,286132
208	0.15	121274,326176
209	0.15	160577,326176,392499,258546,459130,359237,537500,499859
21	0.15	326176
210	0.15	417509,303469,225145,554940,326176
211	0.15	160577,326176
212	0.15	326176,224973,277541,308108
213	0.15	394375,259934,235336,296282,295403,526223,326176
214	0.15	258594,326176
215	0.15	378860,237672,326176
216	0.15	308693,401224,326176
217	0.15	326176
218	0.15	204100,142962,43212,473197,160577,326176
219	0.15	326176
22	0.15	337719,279284,196549,372855,326176
220	0.15	326176
221	0.15	160577,326176
222	0.15	533897,326176
223	0.15	512171,326176
224	0.15	170316,397333,193498,408537,213646,326176
225	0.15	461247,419825,512101,316448,326176
226	0.15	275826,28730,160577,326176
227	0.15	160577,326176
228	0.15	151496,326176
229	0.15	43446,508920,152244,242773,326176
23	0.15	326176
230	0.15	10418,91050,345791,109081,247673,241087,160577,326176
231	0.15	99447,242297,326176
232	0.15	218492,548708,160577,326176
233	0.15	205775,185885,159655,194847,12978,88745,326176
234	0.15	358953,43287,540759,217754,326176
235	0.15	326176
236	0.15	326176
237	0.15	413127,478482,417058,326176
238	0.15	285582,326176
239	0.15	159572,443289,326176
24	0.15	53544,160577,326176
240	0.15	420280,160577,326176
241	0.15	197797,118352,326176
242	0.15	45599,43052,351729,554486,326176
243	0.15	306287,243887,122515,385738,81702,123208,326176
244	0.15	58324,286112,454459,326176
245	0.15	242239,195531,463873,286834,559397,264872,536865,428634,326176
246	0.15	223315,326176
247	0.15	160577,326176
248	0.15	72659,276568,414307,518866,326176
249	0.15	157535,37859,69159,455221,326176
25	0.15	160577,326176
250	0.15	388832,326176
251	0.15	326176
252	0.15	196678,247104,395703,472287,368251,326176
253	0.15	263350,326176
254	0.15	326176,361118,193782,544195,383724
255	0.15	510712,90605,65088,250813,462323,439130,562722,556593,493836,66665,91966,388847,469822,206007,326176
256	0.15	326176,389843,167909,328742,422109
257	0.15	253724,489902,113877,160577,326176
258	0.15	65202,234086,53229,47741,95532,326176
259	0.15	360993,198592,2911,160577,326176
26	0.15	486418,513013,447998,130802,326176
260	0.15	509755,180488,326176
261	0.15	385807,21821,233982,196352,51806,326176
262	0.15	107534,11447,131991,160577,326176
263	0.15	396226,326176
264	0.15	16827,6931,323552,326176
265	0.15	295186,326176
266	0.15	497330,522256,326176
267	0.15	326082,474955,521897,381241,123301,160577,326176
268	0.15	521754,160577,326176
269	0.15	326176
27	0.15	505398,114027,326176,187390,58902
270	0.15	129563,74079,46468,16138,181521,160577,326176,564556
271	0.15	277139,551319,322541,380278,414927,179878,74228,160577,326176,564557,564558
272	0.15	464419,326176
273	0.15	326176
274	0.15	225588,125443,326176
275	0.15	355388,32893,562131,326176
276	0.15	326176,78967,244392,116687,505614,240622
277	0.15	46596,326176
278	0.15	10243,99367,394101,326176
279	0.15	138562,532896,326176
28	0.15	242168,93273,207363,210757,509432,326176
280	0.15	11959,421956,482215,222984,231218,49493,160577,326176
281	0.15	374244,326176
282	0.15	160577,326176
283	0.15	326176
284	0.15	326176,290202,332851,273830
285	0.15	133185,175593,107939,487575,517227,245652,160577,326176
286	0.15	265758,59734,13039,283074,326176
287	0.15	454364,422340,326176
288	0.15	42777,532651,160577,326176
289	0.15	307331,474062,40875,187623,499021,283139,319003,126264,160577,326176
29	0.15	30351,246224,326176
290	0.15	326176,171027,502118
291	0.15	387838,46375,228074,489800,326176
292	0.15	300322,326176
293	0.15	160577,326176,81956,477842,357920
294	0.15	61713,241822,326176
295	0.15	326176,464050,494097,19816,232530
296	0.15	160009,199194,546063,179659,326176
297	0.15	326176
298	0.15	326176
299	0.15	277227,396913,13678,326176
3	0.15	381676,46621,326176
30	0.15	160577,326176,31072,337034
300	0.15	133886,56048,220347,326176
301	0.15	67309,511840,437653,111892,542646,160577,326176
302	0.15	46927,419454,316138,192545,473,326176
303	0.15	526307,76147,326176
304	0.15	326176
305	0.15	326176
306	0.15	326176
307	0.15	495712,59630,326176,109217
308	0.15	530181,165618,471460,355008,378219,326176
309	0.15	228943,17488,265825,160577,326176
31	0.15	15626,307082,365613,371789,85827,326176
310	0.15	254044,326176
311	0.15	326176
312	0.15	125271,487265,326176
313	0.15	160577,326176
314	0.15	326176
315	0.15	337467,392469,160577,326176
316	0.15	156105,383846,326176
317	0.15	326176,240199,350604
318	0.15	326176
319	0.15	443784,214844,326176
32	0.15	88090,326176
320	0.15	326176,389940,18087,290308,246232,478372,277297
321	0.15	497196,524344,221890,326176
322	0.15	242313,326176
323	0.15	160577,326176
324	0.15	324409,211989,150873,560165,276443,326176,154305,358721,100325,30240
325	0.15	160577,326176,166050,443310,517344,395495
326	0.15	545786,547648,326176
327	0.15	539741,313301,326176
328	0.15	326176
329	0.15	326176
33	0.15	250267,159287,2229,272865,63616,8494,321917,484277,326176
330	0.15	160577,326176
331	0.15	326176
332	0.15	333445,479101,291852,326176
333	0.15	326176
334	0.15	199616,326176
335	0.15	120463,254667,246475,326176
336	0.15	288606,130643,399773,359802,469779,144749,326176
337	0.15	326176,564559
338	0.15	288815,30640,326176
339	0.15	233894,349685,386957,326176
34	0.15	490306,140401,496279,160577,326176
340	0.15	326176,512812,474586,512723,74570,289675
341	0.15	541114,160577,326176
342	0.15	326176
343	0.15	4250,68458,326176
344	0.15	185180,48720,55676,326176
345	0.15	326176,564560,564561
346	0.15	326176,540691,247228,461991,509437
347	0.15	160577,326176
348	0.15	66019,92717,355863,370215,326176
349	0.15	159240,69902,326176,207910
35	0.15	175680,100345,100963,326176
350	0.15	322792,224692,558151,462433,326176
351	0.15	118124,326176
352	0.15	156903,100382,326176
353	0.15	122642,326176
354	0.15	160577,326176
355	0.15	160577,326176,377161,405541,134050
356	0.15	300610,27548,125695,214231,523742,524941,326176
357	0.15	25563,216562,365757,31374,326176
358	0.15	413723,332508,537024,507422,136892,160577,326176
359	0.15	427246,1629,325623,109909,160577,326176
36	0.15	28317,9097,189233,326176
360	0.15	90118,559327,378312,532978,136808,564562,267538,11318,207928,326176
361	0.15	160577,326176
362	0.15	326176,369571,57479
363	0.15	157286,244538,326176
364	0.15	368116,98619,160577,326176
365	0.15	495633,436811,253075,347751,160577,326176
366	0.15	187382,419106,108521,6152,74971,105502,451382,109243,316722,326176
367	0.15	79347,341996,326176
368	0.15	230835,315065,326176,564563
369	0.15	160577,326176
37	0.15	160577,326176
370	0.15	326176
371	0.15	320726,1114,326176
372	0.15	166900,328324,485775,320195,14609,326176
373	0.15	478564,326176
374	0.15	326176,53723,104716
375	0.15	385312,495733,160577,326176
376	0.15	326176,529322,175794,345345,423611,564564
377	0.15	326176
378	0.15	230481,349393,456660,150663,326176
379	0.15	34008,170637,172061,326176,564565
38	0.15	73460,394425,326176
380	0.15	119190,192798,232207,323226,455418,462958,326176
381	0.15	326176
382	0.15	524473,370418,189523,174202,160577,326176
383	0.15	290407,183724,537468,329483,326176
384	0.15	326176
385	0.15	113709,229463,326176
386	0.15	384168,148460,517065,152930,326176
387	0.15	144037,326176
388	0.15	396091,375927,152375,110710,423738,326176
389	0.15	459209,487947,326176
39	0.15	224417,329482,292765,510805,140143,160577,326176
390	0.15	326176
391	0.15	126521,375663,31456,326176
392	0.15	481940,102008,285133,164952,62301,348107,191214,326176,564566
393	0.15	410657,445559,244880,481644,326176
394	0.15	326176
395	0.15	522151,484901,326176
396	0.15	326176
397	0.15	126546,101710,216446,326176
398	0.15	326176
399	0.15	457076,378801,476947,326176
4	0.15	248434,326176
40	0.15	160577,326176
400	0.15	470453,326176
401	0.15	326176
402	0.15	544618,55990,485811,326176
403	0.15	205271,442840,326176,522239,74200
404	0.15	547541,15304,142169,326176
405	0.15	522152,373750,404172,370981,160577,326176
406	0.15	90643,220132,288523,326176
407	0.15	326176,343052,532648,436693,472851,203102,5371,525186
408	0.15	479657,86852,203218,326176
409	0.15	352448,26114,326176
41	0.15	326176
410	0.15	422132,340919,427238,173721,326176
411	0.15	496407,56394,322528,326176
412	0.15	240607,315605,236680,326176
413	0.15	275551,371164,458844,110710,326176
414	0.15	277467,560632,167710,326176
415	0.15	358292,113523,218822,549474,395997,308827,551108,328805,265044,326176
416	0.15	326176
417	0.15	326176,385835,90329,542085,70922
418	0.15	329640,110540,301063,62001,326176
419	0.15	363438,180194,327248,326176
42	0.15	199400,5983,180611,399619,326176
420	0.15	511337,160577,326176
421	0.15	300581,232879,532262,326176
422	0.15	22600,100061,326176
423	0.15	326176
424	0.15	486915,326176
425	0.15	299841,501302,326176
426	0.15	325943,236475,326176
427	0.15	326176
428	0.15	398769,461726,217406,184137,66469,473555,160577,326176
429	0.15	136716,160577,326176
43	0.15	476674,509423,274704,130504,200414,326176
430	0.15	49912,508695,520324,403687,57075,562168,4045,428559,326176
431	0.15	160577,326176,563849
432	0.15	326176
433	0.15	530986,422253,146464,48439,160577,326176
434	0.15	244223,2980,336577,326176
435	0.15	326176
436	0.15	33194,428055,54188,43643,267828,51922,210482,326176
437	0.15	131003,64855,326176,104527
438	0.15	160577,326176
439	0.15	101347,416260,326176
44	0.15	541990,326176
440	0.15	326176
441	0.15	326176
442	0.15	470279,326176
443	0.15	318704,559762,170031,461740,542138,326176
444	0.15	326176
445	0.15	160577,326176,178879,18294,261355,67030,182524,139114,17401,115030,464436,453389
446	0.15	326176
447	0.15	160577,326176
448	0.15	74370,152904,343189,360072,181881,326176
449	0.15	160577,326176
45	0.15	182255,105256,321372,326176
450	0.15	160577,326176,564567,564568,564569,564570,564571
451	0.15	232678,173036,337561,326176
452	0.15	421489,176664,361941,194176,76342,160577,326176
453	0.15	326176
454	0.15	543123,326176
455	0.15	13544,59688,141059,264172,326176
456	0.15	326176
457	0.15	81946,466902,405454,326176
458	0.15	160577,326176,457751,97263,316230,113227,256239,301103,101079
459	0.15	25003,291157,326176,531480
46	0.15	117651,15201,518063,326176
460	0.15	54901,113481,216755,326176
461	0.15	326176
462	0.15	326176,39609,363595
463	0.15	123114,160577,326176
464	0.15	122668,419182,473903,326176
465	0.15	528629,91833,326176
466	0.15	40578,232174,494906,401212,396680,326176,564572
467	0.15	287044,487304,226434,118447,553161,549407,160577,326176
468	0.15	434430,20299,505689,326176
469	0.15	550644,283792,71218,326176
47	0.15	543592,50534,144252,45454,326176
470	0.15	495182,276342,59053,478104,463855,231211,326176
471	0.15	297651,326176
472	0.15	358248,160577,326176
473	0.15	160577,326176,402337
474	0.15	296422,522528,515309,542549,326176
475	0.15	225293,469473,326176
476	0.15	160577,326176
477	0.15	63822,326176
478	0.15	408680,326176
479	0.15	326176
48	0.15	160577,326176
480	0.15	220276,332592,527830,154986,326176
481	0.15	225206,506283,486755,93779,254194,220886,313365,326176
482	0.15	485165,505170,561936,469365,192421,39311,326176
483	0.15	87722,76260,326176
484	0.15	397194,21702,108856,281012,326176
485	0.15	326176
486	0.15	326176
487	0.15	188676,326176
488	0.15	185602,517073,4963,326176
489	0.15	160577,326176
49	0.15	409442,326176
490	0.15	106394,404605,326176
491	0.15	326176
492	0.15	83339,326176
493	0.15	533797,511489,172125,326176
494	0.15	454085,326176
495	0.15	76716,326176
496	0.15	442577,326176
497	0.15	326176
498	0.15	262130,233243,46596,19334,401844,298293,395472,91430,326176
499	0.15	326176,354779,533417
5	0.15	326176,70433,126375,199435,166606,465277,37990,564573,404846,399909,396066,430291,552652
50	0.15	326176,443772,31702
500	0.15	482134,193828,79560,326176
501	0.15	109918,326176
502	0.15	253995,326176
503	0.15	326176
504	0.15	326176,564574,564575
505	0.15	364313,358884,326176
506	0.15	160577,326176
507	0.15	445917,316290,326176
508	0.15	242933,326176
509	0.15	326176
51	0.15	353778,490437,182829,32194,277454,326176
510	0.15	297264,153528,160577,326176
511	0.15	160577,326176
512	0.15	160577,326176,377681,133872
513	0.15	166721,22903,116370,326176
514	0.15	447616,298102,190541,418416,458050,326176
515	0.15	448958,326176,564576,564577,564578,564579,564580
516	0.15	538777,490322,296704,306821,326176
517	0.15	425064,326176
518	0.15	244410,341336,326176
519	0.15	542066,275702,453877,191267,274890,326176
52	0.15	189988,331111,326176
520	0.15	326176
521	0.15	326176
522	0.15	348,88735,136309,411480,160577,326176
523	0.15	326176,216935,545166,284373,277058,150628
524	0.15	125843,298110,326176
525	0.15	333301,326176
526	0.15	393353,399345,455700,327245,326176
527	0.15	160577,326176
528	0.15	550013,326176
529	0.15	326176,110612,357749,82358,422084,33954
53	0.15	204812,128095,77213,326176
530	0.15	142547,170366,326176
531	0.15	301407,326176
532	0.15	203672,96134,532623,313019,145217,160171,337458,361585,543681,505404,142638,68883,326176
533	0.15	153728,160577,326176
534	0.15	525348,343977,197998,160577,326176,26881,564581
535	0.15	191148,326176
536	0.15	23042,388473,390379,326176
537	0.15	476973,326176
538	0.15	491337,130126,332813,77023,196740,326176
539	0.15	204980,332093,326176
54	0.15	234735,158793,36287,128600,326176
540	0.15	123127,310401,387197,313218,326176
541	0.15	326176
542	0.15	564582,408347,326176
543	0.15	338832,395359,530267,79520,316002,140687,326176
544	0.15	160577,326176
545	0.15	160577,326176
546	0.15	160577,326176
547	0.15	326176
548	0.15	131844,179254,160577,326176,564583,564584,564585
549	0.15	326176
55	0.15	346682,17179,160577,326176
550	0.15	155228,23832,480993,160577,326176
551	0.15	192635,562979,522221,326176
552	0.15	113313,553696,326176
553	0.15	295953,555850,481953,326176
554	0.15	459037,79192,252501,306133,142554,119968,326176
555	0.15	197797,190716,399795,45486,175883,160577,326176
556	0.15	312639,103379,339827,130327,49343,508579,326176
557	0.15	139440,372329,326176
558	0.15	540648,326176
559	0.15	160577,326176
56	0.15	151698,71118,265796,213283,255927,326176
560	0.15	326176
561	0.15	393079,155345,25940,202369,147629,447752,518676,160577,326176
562	0.15	182147,508252,326176
563	0.15	30727,326176
564	0.15	326176,139325
57	0.15	133471,294362,326176
58	0.15	250976,344658,326176
59	0.15	564586,489999,225600,171272,18464,326176
6	0.15	423978,71195,6750,559267,373998,103583,12470,365906,326176
60	0.15	272235,326176
61	0.15	556960,160577,326176
62	0.15	228541,281397,500170,326176
63	0.15	78892,246714,495698,180057,213234,208289,382175,150477,326176
64	0.15	326176
65	0.15	160577,326176
66	0.15	326176
67	0.15	125687,454391,160577,326176
68	0.15	535347,326176
69	0.15	548033,168664,326176,30254
7	0.15	326176,34423
70	0.15	469186,326176
71	0.15	326176
72	0.15	160577,326176
73	0.15	51208,326176
74	0.15	197092,480967,83071,168305,560068,160577,326176
75	0.15	326176,493648
76	0.15	160577,326176
77	0.15	498183,243753,193801,20036,150685,445509,468727,245300,523105,326176
78	0.15	261693,181052,375462,274798,92215,127111,160577,326176
79	0.15	326176
8	0.15	474941,326176,564587
80	0.15	326176,540059,396736,287355,505287,564588
81	0.15	326176,253656
82	0.15	562436,160577,326176
83	0.15	326176,564589,564590
84	0.15	502656,254609,244539,326176
85	0.15	326176
86	0.15	18772,517566,158889,28823,326176
87	0.15	451615,410949,14082,179614,72811,259019,431460,109363,160577,326176
88	0.15	172678,467412,262607,20756,83577,345712,52348,326176
89	0.15	514905,322146,160577,326176,168541,24610,435698,511572,325402
9	0.15	369525,326176
90	0.15	326176
91	0.15	318166,326176
92	0.15	487138,326176,553046
93	0.15	63068,53611,359987,326176
94	0.15	58982,326176,564591
95	0.15	18721,290369,400517,477694,58765,353925,160577,326176,564592
96	0.15	187800,532674,129147,326176
97	0.15	253107,394881,437872,160577,326176
98	0.15	19740,463804,338563,195663,326176
99	0.15	326176
